   2.3066507846241018E-031
   4.5956759821390805E-031
   6.8850820383590368E-031
   9.1760761085560007E-031
   1.1469095662811045E-030
   1.3764901685137610E-030
   1.6064418716705299E-030
   1.8365441003168254E-030
   2.0663775369564650E-030
   2.2965664005693125E-030
   2.5279152574277186E-030
   2.7607034279587871E-030
   2.9949947824410714E-030
   3.2307390361715035E-030
   3.4677251462595703E-030
   3.7056785022728975E-030
   3.9440804405920801E-030
   4.1822674279785053E-030
   4.4195136237836107E-030
   4.6549777155641023E-030
