   1.2814340966349734E-031
   2.5525009461800100E-031
   3.8243970803769307E-031
   5.0982764582035597E-031
   6.3740312856044092E-031
   7.6515468755195970E-031
   8.9255737843376684E-031
   1.0208150332159716E-030
   1.1502949141395311E-030
   1.2810815257584665E-030
   1.4130920613519706E-030
   1.5461635977233239E-030
   1.6800053533013793E-030
   1.8140464534639871E-030
   1.9475664612537967E-030
   2.0805868160165788E-030
   2.2127387267414728E-030
   2.3440143939030902E-030
   2.4741688091970781E-030
   5.7848489779437417E-013
