   1.2813146695416355E-031
   2.5522616699740252E-031
   3.8240378364736083E-031
   5.0977956218144340E-031
   6.3734286393832640E-031
   7.6508163523523301E-031
   8.9246998975507504E-031
   1.0207139160525528E-030
   1.1501810730701802E-030
   1.2809562318079601E-030
   1.4129563011825585E-030
   1.5460184596285119E-030
   1.6798515800432135E-030
   1.8138846708287833E-030
   1.9473972609483159E-030
   2.0804110994052459E-030
   2.2125572193105259E-030
   2.3438276803382368E-030
   2.4739776549906297E-030
   5.7805205981283686E-013
