   9.1950296413959680E-031
   1.8311870769789004E-030
   2.7427081726815541E-030
   3.6552754449665876E-030
   4.5691431689771794E-030
   5.4843738995410497E-030
   6.4005949637056332E-030
   7.3150933686418696E-030
   8.2310282168501501E-030
   9.1534385308637316E-030
   1.0083857412520658E-029
   1.1022487428726747E-029
   1.1968933446462890E-029
   1.2922273811852698E-029
   1.3881085430503822E-029
   1.4842403313310948E-029
   1.5802658982766210E-029
   1.6759260449230139E-029
   1.7711156031149782E-029
   1.8659991972806266E-029
