   7.3213525466595272E-031
   1.4576451953553395E-030
   2.1838222020733926E-030
   2.9114612318675718E-030
   3.6409363245550507E-030
   4.3711500870708246E-030
   5.1024794461730713E-030
   5.8420840171225984E-030
   6.5910395289366175E-030
   7.3493994309604621E-030
   8.1163450115701431E-030
   8.8901784042442948E-030
   9.6678128054949722E-030
   1.0444278435686276E-029
   1.1218216926530747E-029
   1.1989322910903305E-029
   1.2757003018238827E-029
   1.3520561385074084E-029
   1.1144172229116248E-012
   2.4485493464621344     
