   1.2893949617095565E-031
   2.5697479009899801E-031
   3.8500745178728090E-031
   5.1313609010653825E-031
   6.4141570558130494E-031
   7.6986372624217745E-031
   8.9847058863982389E-031
   1.0267893308381610E-030
   1.1555937726098673E-030
   1.2852476608748516E-030
   1.4158345092904707E-030
   1.5473437945672214E-030
   1.6796878541067770E-030
   1.8126990307075650E-030
   1.9460882247314339E-030
   2.0793524574484284E-030
   2.2118801552142306E-030
   2.3436124521093677E-030
   2.4738509186825254E-030
   4.8370777439167619E-008
