   1.2872801162219098E-031
   2.5644919714114234E-031
   3.8424468377334319E-031
   5.1223896799840338E-031
   6.4042090547319206E-031
   7.6873009668543758E-031
   8.9665635894701246E-031
   1.0254555452027324E-030
   1.1554399939609214E-030
   1.2866777141367134E-030
   1.4190834799233480E-030
   1.5525020465511938E-030
   1.6866101626013429E-030
   1.8208140810256341E-030
   1.9543814213069361E-030
   2.0874601367427781E-030
   2.2196513774759201E-030
   2.3508901811597838E-030
   2.4809542820951034E-030
   1.0351957837343154E-010
