   9.1607813787159576E-031
   1.8244515567572264E-030
   2.7331995686795416E-030
   3.6431124728180550E-030
   4.5550599731102108E-030
   5.4682038486658225E-030
   6.3805355116859743E-030
   7.2958898850121444E-030
   8.2191598151420440E-030
   9.1515749502198748E-030
   1.0093125669292608E-029
   1.1043107844289254E-029
   1.1999959093012965E-029
   1.2961398928662294E-029
   1.3922766134119606E-029
   1.4879023286185545E-029
   1.5831623364779594E-029
   1.6774722573097541E-029
   1.7328250701810874E-021
   2.0395248776194439     
