   2.3265845593111583E-031
   4.6360277418842205E-031
   6.9458006937536597E-031
   9.2572453459996512E-031
   1.1570721710241723E-030
   1.3886460324323918E-030
   1.6205867511901783E-030
   1.8526558263505381E-030
   2.0842779019530258E-030
   2.3164695833247432E-030
   2.5497871191471533E-030
   2.7844818421523344E-030
   3.0206301971110255E-030
   3.2581503873254647E-030
   3.4968641513672605E-030
   3.7364107624133652E-030
   3.9762395206048359E-030
   4.2155836618289603E-030
   4.4537470240125925E-030
   4.6900601519530141E-030
