   2.3196346410647312E-031
   4.6218671233972319E-031
   6.9237245480597645E-031
   9.2278000874690245E-031
   1.1534303924607849E-030
   1.3843740483044638E-030
   1.6156868611924761E-030
   1.8470892337996975E-030
   2.0782150303226681E-030
   2.3105052276420066E-030
   2.5443787055112580E-030
   2.7799307666051051E-030
   3.0171257129940300E-030
   3.2557622834967544E-030
   3.4955567930891824E-030
   3.7359554679535529E-030
   3.9761355180528594E-030
   4.2152689938072544E-030
   4.4527313156771231E-030
   4.6879328029586490E-030
