   9.1607813787159576E-031
   1.8244515642829383E-030
   2.7331995900285584E-030
   3.6431125126101053E-030
   4.5550600355119456E-030
   5.4682039360978475E-030
   6.3805356097858015E-030
   7.2958900478463554E-030
   8.2191600823520986E-030
   9.1515753319578442E-030
   1.0093126150400885E-029
   1.1043108391190333E-029
   1.1999959656652679E-029
   1.2961399447380322E-029
   1.3922766539621624E-029
   1.4879023509775727E-029
   1.5831623335833910E-029
   1.6774722227197710E-029
   1.7327645761392169E-021
   2.0395212660848552     
