   2.3198196304457335E-031
   4.6222377851083052E-031
   6.9242813293646757E-031
   9.2285437260100091E-031
   1.1535235384408181E-030
   1.3844864372900568E-030
   1.6158190139118653E-030
   1.8472419358665618E-030
   2.0783899108061774E-030
   2.3107015193391764E-030
   2.5445945389893753E-030
   2.7801649845470386E-030
   3.0173766970462634E-030
   3.2560283354013114E-030
   3.4958366495584815E-030
   3.7362480192229386E-030
   3.9764400626917425E-030
   4.2155849293158459E-030
   4.4530569435291863E-030
   4.6882680094455090E-030
