   1.0560101710201810E-030
   2.1040568383252760E-030
   3.1521208018177634E-030
   4.2013326606246442E-030
   5.2523902766436943E-030
   6.3048967344494987E-030
   7.3581171567939929E-030
   8.4094170361093784E-030
   9.4667843188063324E-030
   1.0532498741886184E-029
   1.1607047645785044E-029
   1.2689980169070989E-029
   1.3780347515242395E-029
   1.4876363791937746E-029
   1.5974998367273767E-029
   1.7071001458699163E-029
   1.8159720426898550E-029
   1.9242887696295315E-029
   2.0316122771990024E-029
   2.1379356184109092E-029
