   7.3090359437739522E-031
   1.4553070897840960E-030
   2.1798336750958550E-030
   2.9049330760820879E-030
   3.6307199437985761E-030
   4.3577535373257929E-030
   5.0855857964498390E-030
   5.8144584630096502E-030
   6.5423806640663110E-030
   7.2710992690291600E-030
   8.0041469108222327E-030
   8.7426469237013039E-030
   9.4869640542781386E-030
   1.0236826758060180E-029
   1.0991884804727040E-029
   1.1751075909618991E-029
   1.2513163949585057E-029
   1.3275968387287912E-029
   1.4037038602719292E-029
   1.4794910577991503E-029
