   5.0008263163627757E-031
   9.9579380217144942E-031
   1.4918398666400052E-030
   1.9886039077186484E-030
   2.4862422046251081E-030
   2.9850091437326194E-030
   3.4831049740802206E-030
   3.9839629590572734E-030
   4.4897147757607076E-030
   5.0009897772798773E-030
   5.5176589784162307E-030
   6.0392082539451928E-030
   6.5646919910011967E-030
   7.0925181930183655E-030
   7.6199575345120794E-030
   8.1449716454953544E-030
   8.6675106298228347E-030
   9.1855118406815873E-030
   9.6961663115330045E-030
  0.51964700505715344     
