   1.2868693967768004E-031
   2.5632923352829849E-031
   3.8399313511467921E-031
   5.1175440713638595E-031
   6.3963868366434640E-031
   7.6767438635531259E-031
   8.9593755887750336E-031
   1.0242821770897848E-030
   1.1524143657754252E-030
   1.2808419954870914E-030
   1.4099788122347617E-030
   1.5400037064348952E-030
   1.6709399002424542E-030
   1.8027541179782562E-030
   1.9353380058866285E-030
   2.0684908798513751E-030
   2.2019068407791446E-030
   2.3352029044421001E-030
   2.4679637281395398E-030
   2.5997628539162288E-030
