   3.5735333979501358E-031
   7.1165707321740569E-031
   1.0659410773518153E-030
   1.4205676105907840E-030
   1.7757377808350160E-030
   2.1314809510853183E-030
   2.4878285089611078E-030
   2.8435238180741078E-030
   3.2007560919605933E-030
   3.5609039621076877E-030
   3.9243978333772626E-030
   4.2912327357159964E-030
   4.6612550159840244E-030
   5.0339242973664212E-030
   5.4085021275225607E-030
   5.7837365658573305E-030
   6.1581245094634829E-030
   6.5304274542747078E-030
   6.9008946410347387E-030
   7.2684633828295856E-030
