   7.4664797876747003E-031
   1.4872960294805887E-030
   2.2286040179962435E-030
   2.9711241088546403E-030
   3.7151347721243965E-030
   4.4595881179444210E-030
   5.2059150117243531E-030
   5.9595366620612326E-030
   6.7215901691668547E-030
   7.4916535514833140E-030
   8.2687792474853339E-030
   9.0512651709972342E-030
   9.8352668765346206E-030
   1.0615504727507878E-029
   1.1392038272297212E-029
   1.2164644076338741E-029
   1.2931285658876541E-029
   1.3691238542844948E-029
   8.4354136902281374E-006
   3.9933568540181015     
