   5.1275760777301581E-031
   1.0210681737824929E-030
   1.5292852916542546E-030
   2.0380431527864953E-030
   2.5473740192625627E-030
   3.0575313090050399E-030
   3.5685269716064604E-030
   4.0794274506673652E-030
   4.5895478023978044E-030
   5.1028887663986114E-030
   5.6204258310262826E-030
   6.1424163373280897E-030
   6.6687427326151873E-030
   7.1990151288320599E-030
   7.7324668238293376E-030
   8.2678206178448711E-030
   8.8034947590074617E-030
   9.3377205148961684E-030
   9.8688193008537634E-030
   1.0397106690252695E-029
