   9.2259449136839718E-031
   1.8384590937819675E-030
   2.7541903179590026E-030
   3.6707737914602261E-030
   4.5885845617480132E-030
   5.5077728596361089E-030
   6.4279629554631503E-030
   7.3477309551327386E-030
   8.2682397387247962E-030
   9.1940465601242380E-030
   1.0126366653210253E-029
   1.1065498862657571E-029
   1.2011033819099185E-029
   1.2962109500865224E-029
   1.3917356040570831E-029
   1.4874311003228794E-029
   1.5828821253922624E-029
   1.6776979484382783E-029
   1.7719894715576139E-029
   1.8655508257430921E-029
