   2.3184431011609886E-031
   4.6186643740002091E-031
   6.9184923640468038E-031
   9.2206320071767499E-031
   1.1525281567168333E-030
   1.3833030739456225E-030
   1.6144616539006205E-030
   1.8456900321856715E-030
   2.0766293387554117E-030
   2.3088191866345746E-030
   2.5426938753736087E-030
   2.7783549734960264E-030
   3.0157603879268397E-030
   3.2547064501059258E-030
   3.4949090692589765E-030
   3.7357947780640109E-030
   3.9765515483222250E-030
   4.2163804008989377E-030
   4.4546073308660960E-030
   4.6907056335822479E-030
