   1.2710711444497801E-031
   2.5318555796626599E-031
   3.7925650408203717E-031
   5.0544307249916994E-031
   6.3181292951276545E-031
   7.5838033673693640E-031
   8.8514063266384264E-031
   1.0116546738295287E-030
   1.1386606168575521E-030
   1.2666182710159314E-030
   1.3956788598778858E-030
   1.5258403904911397E-030
   1.6570521001135539E-030
   1.7891376650188194E-030
   1.9218367433511182E-030
   2.0547288820653776E-030
   2.1872876525413745E-030
   2.3190620865047510E-030
   2.4499615618199230E-030
   1.5064232862718939E-025
