   1.0579499586672607E-030
   2.1083875534792720E-030
   3.1588401238300048E-030
   4.2103958561662242E-030
   5.2636999356459909E-030
   6.3183042766116680E-030
   7.3735795320993034E-030
   8.4270603267552816E-030
   9.4861200783827940E-030
   1.0552827265625336E-029
   1.1627689388250873E-029
   1.2710277311963711E-029
   1.3799622807681076E-029
   1.4893878472708402E-029
   1.5990002539895613E-029
   1.7083024944612970E-029
   1.8167903117091609E-029
   1.9246775796668031E-029
   2.0314660934372266E-029
   2.1371105831753389E-029
