   1.0465576248608224E-030
   2.0840908112550666E-030
   3.1216499179778196E-030
   4.1604251291467738E-030
   5.2011608160215810E-030
   6.2439711660373642E-030
   7.2878665158114115E-030
   8.3296334858201368E-030
   9.3779805492687558E-030
   1.0436234625301552E-029
   1.1505030423865069E-029
   1.2584014309090986E-029
   1.3672350291223557E-029
   1.4768097842466926E-029
   1.5868459649222551E-029
   1.6968421943749979E-029
   1.8062657615622761E-029
   1.9152900599336708E-029
   2.0235766889984652E-029
   2.1311849393756652E-029
