   3.6043726528971981E-031
   7.1818857014161531E-031
   1.0759309656016500E-030
   1.4339616205007348E-030
   1.7924422665626708E-030
   2.1514124025292438E-030
   2.5108699650424283E-030
   2.8694709212712520E-030
   3.2295507801649896E-030
   3.5922261572867994E-030
   3.9577423163824865E-030
   4.3260838184956318E-030
   4.6969836333279956E-030
   5.0700043143019182E-030
   5.4442852115803450E-030
   5.8184487452063034E-030
   6.1909018064162676E-030
   6.5611895750612889E-030
   6.9287878534039933E-030
   7.2924329384407363E-030
