   1.2875474052179890E-031
   2.5651175234165657E-031
   3.8428935251102153E-031
   5.1215989984211341E-031
   6.4014962609794357E-031
   7.6828368528311941E-031
   8.9663668024686949E-031
   1.0250713993007643E-030
   1.1533269777576163E-030
   1.2818416072318324E-030
   1.4110202186619967E-030
   1.5410320177477241E-030
   1.6719043855079526E-030
   1.8035988155619446E-030
   1.9360116401326245E-030
   2.0689493086255877E-030
   2.2021172530970259E-030
   2.3351160946775419E-030
   2.4675359337932568E-030
   2.5989422506234671E-030
