   2.3188257821291875E-031
   4.6199109896514169E-031
   6.9205858978875784E-031
   9.2233063482646909E-031
   1.1528094332702509E-030
   1.3836150800794779E-030
   1.6147106197565633E-030
   1.8455793696142190E-030
   2.0762402491098025E-030
   2.3081739553753129E-030
   2.5417286454781862E-030
   2.7769645411863219E-030
   3.0138305661507691E-030
   3.2521656444135140E-030
   3.4916236331267424E-030
   3.7316106951629497E-030
   3.9713816580457304E-030
   4.2102210853057661E-030
   4.4475257252909338E-030
   4.6825642860010507E-030
