   9.3058678965332849E-031
   1.8546326509877605E-030
   2.7785703740104523E-030
   3.7033414408258174E-030
   4.6293426790436826E-030
   5.5567293257177459E-030
   6.4849062111571734E-030
   7.4118879577101999E-030
   8.3404071854930904E-030
   9.2740862452017510E-030
   1.0213991367381901E-029
   1.1160480200777102E-029
   1.2113101827687001E-029
   1.3070901396406636E-029
   1.4032309457648244E-029
   1.4994503227368617E-029
   1.5953454091140893E-029
   1.6905320934284846E-029
   1.7851490477299681E-029
   1.8790354056100379E-029
