   5.1271609019794688E-031
   1.0209847018687661E-030
   1.5291597922151562E-030
   2.0378758250583123E-030
   2.5471649667756711E-030
   3.0572795977696794E-030
   3.5682337101382842E-030
   4.0790919968479989E-030
   4.5891732281823545E-030
   5.1024792088756850E-030
   5.6199842070098850E-030
   6.1419449203760788E-030
   6.6682445101308560E-030
   7.1984917210314085E-030
   7.7319201225859615E-030
   8.2672521025966414E-030
   8.8029058222409959E-030
   9.3371122937936909E-030
   9.8681934266441395E-030
   1.0396464296275325E-029
