   1.0580823784335141E-030
   2.1086546806129909E-030
   3.1592419754760381E-030
   4.2109308744621468E-030
   5.2643687554656658E-030
   6.3191108648132193E-030
   7.3745239471327714E-030
   8.4281438615831053E-030
   9.4873357314273769E-030
   1.0554162985697632E-029
   1.1629133211348312E-029
   1.2711819231486635E-029
   1.3801253601227331E-029
   1.4895590678046287E-029
   1.5991792163269951E-029
   1.7084884586983965E-029
   1.8169825056797382E-029
   1.9248756152122331E-029
   2.0316694059074773E-029
   2.1373184876724414E-029
