   9.3051743391628867E-031
   1.8544936432375694E-030
   2.7783616277541153E-030
   3.7030623914259029E-030
   4.6289928711143376E-030
   5.5563080988762295E-030
   6.4844117278814555E-030
   7.4113125455593483E-030
   8.3397505302826615E-030
   9.2733526793864852E-030
   1.0213186404051236E-029
   1.1159609583865975E-029
   1.2112171982709625E-029
   1.3069917124907232E-029
   1.4031274555710603E-029
   1.4993421023350707E-029
   1.5952328057811160E-029
   1.6904154005328783E-029
   1.7850286633722401E-029
   1.8789116262868392E-029
