   7.3986601008864552E-031
   1.4730748863366853E-030
   2.2064288598556124E-030
   2.9403661758198033E-030
   3.6750685031559463E-030
   4.4108877394362591E-030
   5.1480097131468177E-030
   5.8857766349231804E-030
   6.6225301822666401E-030
   7.3606967308795518E-030
   8.1034820723190875E-030
   8.8520919057098551E-030
   9.6066449400653885E-030
   1.0367111055712657E-029
   1.1132714203523066E-029
   1.1902366803951741E-029
   1.2674586360662658E-029
   1.3447106811016202E-029
   1.4217643136391052E-029
   1.4983817339443706E-029
