   52.104903819335739     
   103.79712378254334     
   155.53295413192524     
   207.35799557707472     
   259.29137341388218     
   311.25511247353677     
   363.31520215020697     
   415.86168891158474     
   468.96928387933053     
   522.63826215275230     
   576.79734550306455     
   631.33281087476428     
   686.01114779459328     
   740.47256255441573     
   794.66769205173568     
   848.65763332886411     
   902.43347161201882     
   956.04852287532356     
   1009.5097214272181     
   1062.9294168832007     
