   52.394802797403379     
   104.34918515129003     
   156.30133544853544     
   208.30198377745407     
   260.37823276170570     
   312.53358947635087     
   364.77384290349806     
   416.87801853982000     
   469.22498495274237     
   522.00500312794748     
   575.27085068739643     
   629.01225750589981     
   683.20829955552813     
   737.77364865066568     
   792.59615244335032     
   847.48967317720371     
   902.23382499386673     
   956.68069341449871     
   1010.7376498227351     
   1063.7850173722554     
