   52.404153095291079     
   104.36870916680522     
   156.33095141879377     
   208.34177939503655     
   260.42823585866586     
   312.59397769085319     
   364.84467768772095     
   416.96015669731582     
   469.31809805156576     
   522.10790515849010     
   575.38275749755405     
   629.13235733595320     
   683.33599038814907     
   737.90820009840456     
   792.73696571452570     
   847.63631483651579     
   902.38577361708280     
   956.83721607593429     
   1010.9833240263235     
   1064.5915592535127     
