   52.101209418176445     
   103.78967673378072     
   155.52176521945353     
   207.34303424742012     
   259.27260734674917     
   311.23249636415022     
   363.28892076232910     
   415.83205914574989     
   468.93668121340249     
   522.60293292221820     
   576.75954395338738     
   631.29277031575771     
   685.96901108620170     
   740.42843524164743     
   794.62177441458130     
   848.61016423608726     
   902.38463772198395     
   955.99845897606076     
   1009.4586777607146     
   1062.8775613303690     
