   52.399692308507525     
   104.35973011840741     
   156.31745661484428     
   208.32375898266955     
   260.40566384159104     
   312.56679694933376     
   364.81286703398541     
   416.92350420595704     
   469.27680102615483     
   522.06244863905954     
   575.33348811691292     
   629.07961648597609     
   683.28004116242857     
   737.84933101801516     
   792.67539919357159     
   847.57220998015214     
   902.31931429382064     
   956.76871790172527     
   1010.9128979121199     
   1064.5193922603980     
