   52.101209418176445     
   103.78967586009526     
   155.52176265317607     
   207.34302938766183     
   259.27259964079184     
   311.23248549826531     
   363.28890383290633     
   415.83203287514453     
   468.93664487955436     
   522.60288782461214     
   576.75949286754644     
   631.29271702597146     
   685.96896018908546     
   740.42839153893556     
   794.62174236559451     
   848.61014818993249     
   902.38464119537809     
   955.99848548222008     
   1009.4587304135058     
   1062.8776433415053     
