   52.441903863770150     
   104.46063857681668     
   156.48740011075907     
   208.58590465427699     
   260.75835026806590     
   313.03124313969442     
   365.33403644187172     
   417.62801797181299     
   470.31448499667420     
   523.47160839746937     
   577.11409967543796     
   631.21827930838708     
   685.71268949378759     
   740.47856764009202     
   795.30873812004052     
   849.92346831295515     
   904.26582564180433     
   958.19430531622038     
   1011.5799453084522     
   1064.2870827957609     
