   52.399692308507525     
   104.35973085790084     
   156.31745879747984     
   208.32376316771609     
   260.40567045289151     
   312.56680653031617     
   364.81287972499661     
   416.92351966981568     
   469.27682425624170     
   522.06248257904122     
   575.33353342234045     
   629.07967184231507     
   683.28010373397899     
   737.84939685721281     
   792.67546333740904     
   847.57226723676911     
   902.31935877898331     
   956.76874481312882     
   1010.9129017475639     
   1064.5193678275621     
