1.663012e-01
3.187317e-01
7.768429e-01
7.865211e-01
7.880446e-01
8.439079e-01
9.037065e-01
9.434226e-01
1.029984e+00
1.083308e+00
1.096895e+00
1.151233e+00
1.163536e+00
1.170360e+00
1.178278e+00
1.212848e+00
1.252917e+00
1.259019e+00
1.268442e+00
1.292691e+00
1.293665e+00
1.295423e+00
1.319625e+00
1.319694e+00
1.340522e+00
1.342018e+00
1.369134e+00
1.376677e+00
1.501931e+00
1.511602e+00
1.512325e+00
1.528684e+00
1.530252e+00
1.547360e+00
1.549937e+00
1.561713e+00
1.573807e+00
1.578560e+00
1.776181e+00
1.807765e+00
1.808211e+00
1.823781e+00
1.824887e+00
1.840114e+00
1.851474e+00
1.884051e+00
1.891130e+00
1.898840e+00
1.906639e+00
1.916444e+00
2.009317e+00
2.027832e+00
2.046165e+00
2.051490e+00
2.097476e+00
2.137854e+00
2.160539e+00
2.164094e+00
2.178316e+00
2.181724e+00
2.295606e+00
2.295801e+00
2.457553e+00
2.465518e+00
2.465925e+00
2.476190e+00
2.503073e+00
2.503568e+00
2.547516e+00
2.548479e+00
2.595714e+00
2.634949e+00
2.681150e+00
2.709724e+00
2.741495e+00
2.742237e+00
2.745927e+00
2.763511e+00
2.780849e+00
2.781087e+00
2.915701e+00
2.916952e+00
2.964554e+00
2.968097e+00
2.996228e+00
2.998317e+00
3.070014e+00
3.070051e+00
3.153211e+00
3.157418e+00
3.216872e+00
3.219628e+00
3.411799e+00
3.412815e+00
3.444551e+00
3.446190e+00
3.470220e+00
3.474924e+00
3.644246e+00
3.644507e+00
