   1.0332648329575544E-030
   2.0577615943990539E-030
   3.0822562964978956E-030
   4.1077324654082822E-030
   5.1349037573177620E-030
   6.1639242239101549E-030
   7.1938137581914941E-030
   8.2208758051480916E-030
   9.2541501633267894E-030
   1.0296876413401336E-029
   1.1349681625733710E-029
   1.2412332821160858E-029
   1.3483840501562498E-029
   1.4562793364534837E-029
   1.5646437419569132E-029
   1.6730562128504281E-029
   1.7810801211252305E-029
   1.8886859339439559E-029
   1.9957413559268269E-029
   2.1020239020220273E-029
