   1.2627063634510658E-031
   2.5142686368545738E-031
   3.7666869769772555E-031
   5.0211062191596325E-031
   6.2772308407969495E-031
   7.5356821128343420E-031
   8.7898229141623812E-031
   1.0052729938233870E-030
   1.1329296707157070E-030
   1.2620001807631341E-030
   1.3924378657752839E-030
   1.5240901838478657E-030
   1.6566897846841184E-030
   1.7897683426407621E-030
   1.9226574997281985E-030
   2.0550888842011977E-030
   2.1869022544827018E-030
   2.3181312397109512E-030
   2.4485669941240542E-030
   2.5506851222148953E-021
