   2.2749435797865393E-031
   4.5321374779954507E-031
   6.7890585037584586E-031
   9.0479074511899125E-031
   1.1309261340282297E-030
   1.3574309918910040E-030
   1.5841202720388793E-030
   1.8107851249287775E-030
   2.0369410724734851E-030
   2.2642291171978750E-030
   2.4930768488450618E-030
   2.7236194139647272E-030
   2.9557940960833104E-030
   3.1894491174041435E-030
   3.4243088775325813E-030
   3.6599156560645637E-030
   3.8956237474707067E-030
   4.1306602599103811E-030
   4.3643598987997964E-030
   4.5965240630729991E-030
