   5.1280315677147548E-031
   1.0211596705244569E-030
   1.5294228709497567E-030
   2.0382267656607734E-030
   2.5476037602221563E-030
   3.0578082520351314E-030
   3.5688506229067664E-030
   4.0797992318668689E-030
   4.5899671191112778E-030
   5.1033521471477966E-030
   5.6209300515247538E-030
   6.1429586645174800E-030
   6.6693193876920574E-030
   7.1996237007997870E-030
   7.7331045483413796E-030
   8.2684851528026722E-030
   8.8041839721902113E-030
   9.3384324226689374E-030
   9.8695516186605180E-030
   1.0397857718374209E-029
