   1.2692078023690786E-031
   2.5282242282448083E-031
   3.7874458827020261E-031
   5.0476530370324620E-031
   6.3086797021426302E-031
   7.5716986360833879E-031
   8.8360989745538724E-031
   1.0101509542645468E-030
   1.1363423518417300E-030
   1.2627952806050398E-030
   1.3899160860111105E-030
   1.5178813217622750E-030
   1.6467286374168070E-030
   1.7764121512945213E-030
   1.9068350168238026E-030
   2.0378147351035727E-030
   2.1690950682711841E-030
   2.3003309514640288E-030
   2.4311556391520559E-030
   2.5612181259311231E-030
