   1.2591597489617367E-031
   2.5072316318307554E-031
   3.7561637592373816E-031
   5.0070123999896317E-031
   6.2596631829276485E-031
   7.5148204047309134E-031
   8.7659881501598789E-031
   1.0025602812751656E-030
   1.1298611906561731E-030
   1.2585726630513414E-030
   1.3886496345207863E-030
   1.5199428631118198E-030
   1.6521879211684370E-030
   1.7849349748565185E-030
   1.9175320449661679E-030
   2.0496276662150185E-030
   2.1811151580168947E-030
   2.3119804570333977E-030
   2.4419996773044378E-030
   1.8941653036852058E-027
