   1.0558936092303153E-030
   2.1038212643209344E-030
   3.1517661113581458E-030
   4.2008602549290346E-030
   5.2517992737798804E-030
   6.3041821217204150E-030
   7.3572768574253149E-030
   8.4084463193736229E-030
   9.4656935353346363E-030
   1.0531303198429747E-029
   1.1605762586839997E-029
   1.2688617888881315E-029
   1.3778918745397956E-029
   1.4874878574494853E-029
   1.5973459576238753E-029
   1.7069415547660027E-029
   1.8158090746380196E-029
   1.9241234545897139E-029
   2.0314494027867363E-029
   2.1377819231710010E-029
