   7.3983450566707600E-031
   1.4734339392278616E-030
   2.2076935122162699E-030
   2.9432837733104800E-030
   3.6805430569535805E-030
   4.4184311209386422E-030
   5.1578659664692129E-030
   5.9048885736118882E-030
   6.6606419845041935E-030
   7.4250795198105962E-030
   8.1971459923880345E-030
   8.9751909931303706E-030
   9.7557084248379610E-030
   1.0533625206171217E-029
   1.1308060639420036E-029
   1.2079456288425941E-029
   1.2845658243995432E-029
   1.3605941690912209E-029
   1.0642362026598980E-008
   3.3010411502736829     
