   2.2931935003518913E-031
   4.5682211805093344E-031
   6.8451680327521453E-031
   9.1260392237817908E-031
   1.1411675521895162E-030
   1.3698641795009845E-030
   1.5989850596402469E-030
   1.8302484320731027E-030
   2.0639835526595985E-030
   2.3001910719536104E-030
   2.5385573428679027E-030
   2.7785817688239434E-030
   3.0192356689472385E-030
   3.2589325970930548E-030
   3.4974532306110931E-030
   3.7350647111234986E-030
   3.9717285072751843E-030
   4.2076890486269109E-030
   4.4430142042491740E-030
   4.6782773767785864E-030
