   9.1695270189230138E-031
   1.8271076781475445E-030
   2.7371209655927034E-030
   3.6480532368351273E-030
   4.5600828649107421E-030
   5.4732550122405499E-030
   6.3872690280582919E-030
   7.2996415425087126E-030
   8.2131070177516868E-030
   9.1318922976485307E-030
   1.0057254626381647E-029
   1.0989470411753971E-029
   1.1928154764541971E-029
   1.2872403961112129E-029
   1.3820887245721436E-029
   1.4771094494575146E-029
   1.5719244372937927E-029
   1.6662119610346053E-029
   1.7599991348855590E-029
   1.8532688747369407E-029
