   1.2813146695416355E-031
   2.5522616307986150E-031
   3.8240377243627522E-031
   5.0977954090727922E-031
   6.3734283084034953E-031
   7.6508158836603524E-031
   8.9246992459864881E-031
   1.0207138039479538E-030
   1.1501809026471692E-030
   1.2809560049599104E-030
   1.4129560312177751E-030
   1.5460181674390169E-030
   1.6798512927028474E-030
   1.8138844197779252E-030
   1.9473970766593703E-030
   2.0804110101664934E-030
   2.2125572528082363E-030
   2.3438278591520101E-030
   2.4739779996731908E-030
   5.7816729900297302E-013
