   3.6360639648357558E-031
   7.2434939348191718E-031
   1.0850892072761254E-030
   1.4461484674381981E-030
   1.8077158873347385E-030
   2.1698367715462403E-030
   2.5324541138571384E-030
   2.8942518989003713E-030
   3.2577774076730445E-030
   3.6241593177950299E-030
   3.9936459467649356E-030
   4.3662384480555649E-030
   4.7415681329044904E-030
   5.1191774438815005E-030
   5.4981260138879059E-030
   5.8769544511716625E-030
   6.2538854266152198E-030
   6.6287980433774802E-030
   7.0009019584043791E-030
   7.3693123973245165E-030
