   1.2793726318492471E-031
   2.5488784357081980E-031
   3.8185935535522926E-031
   5.0892273828034965E-031
   6.3608936757471294E-031
   7.6341393231770314E-031
   8.9093164280957811E-031
   1.0185274956875568E-030
   1.1458801517200536E-030
   1.2734820471615979E-030
   1.4017308218889050E-030
   1.5307868782118173E-030
   1.6606890236899501E-030
   1.7914032357595585E-030
   1.9228159017647556E-030
   2.0547497236264682E-030
   2.1869214384185648E-030
   2.3189748822354994E-030
   2.4505141709125502E-030
   2.5810995872046050E-030
