   1.2939971498909489E-031
   2.5777330309045418E-031
   3.8616474735353832E-031
   5.1466202749812487E-031
   6.4327610193066352E-031
   7.7201003759458594E-031
   9.0094911571923184E-031
   1.0299348104469148E-030
   1.1584935034316921E-030
   1.2874880977185569E-030
   1.4172467315054333E-030
   1.5478468350234987E-030
   1.6793294986098991E-030
   1.8116425265607160E-030
   1.9446781835921821E-030
   2.0782414083068158E-030
   2.2119534609718080E-030
   2.3454278193520018E-030
   2.4783494483897135E-030
   2.6102971071541025E-030
