   3.5674144068691357E-031
   7.1044376406119892E-031
   1.0641241684939901E-030
   1.4181462064156031E-030
   1.7727102936911939E-030
   2.1278542511235052E-030
   2.4835814975520602E-030
   2.8385987926522891E-030
   3.1951336709823075E-030
   3.5545531753422454E-030
   3.9172973715282772E-030
   4.2833720471722649E-030
   4.6526233323470230E-030
   5.0245208150146624E-030
   5.3983268838564657E-030
   5.7728226387603980E-030
   6.1465070691001731E-030
   6.5181341401229064E-030
   6.8880087179058337E-030
   7.2550067978984858E-030
