   1.2875560779539089E-031
   2.5651345338683488E-031
   3.8429189094524380E-031
   5.1216331060467113E-031
   6.4015394788267575E-031
   7.6828893278462906E-031
   8.9664293499310424E-031
   1.0250787950758757E-030
   1.1533358142667896E-030
   1.2818521868021947E-030
   1.4110325294108683E-030
   1.5410459811038348E-030
   1.6719198778306398E-030
   1.8036157128677484E-030
   1.9360297940238022E-030
   2.0689685889734619E-030
   2.2021375479775088E-030
   2.3351373086812277E-030
   2.4675579483086469E-030
   2.5989649814943011E-030
