   2.2928508304880026E-031
   4.5675313817442863E-031
   6.8441311344705124E-031
   9.1246515011917459E-031
   1.1409932034897439E-030
   1.3696533349441762E-030
   1.5987382846541394E-030
   1.8299685219889556E-030
   2.0636741062377972E-030
   2.2998545671395760E-030
   2.5381964129752617E-030
   2.7781988617118195E-030
   3.0188323997014853E-030
   3.2585102245495840E-030
   3.4970138043782554E-030
   3.7346106274942400E-030
   3.9712616127228970E-030
   4.2072107177179552E-030
   4.4425268788888147E-030
   4.6777828018418789E-030
