   7.4116814869591835E-031
   1.4760735128890326E-030
   2.2116464142961188E-030
   2.9485402683319745E-030
   3.6871072765787140E-030
   4.4264145531909509E-030
   5.1673325128863376E-030
   5.9159248777716239E-030
   6.6733469513792542E-030
   7.4395005035520626E-030
   8.2133176943909013E-030
   8.9931186375534227E-030
   9.7753503734419231E-030
   1.0554854412745235E-029
   1.1330751997801063E-029
   1.2103525609469232E-029
   1.2871076204593312E-029
   1.3632597607673747E-029
   9.5488172092881004E-008
   3.5523335512150616     
