   7.4894672095141031E-031
   1.4913029849505358E-030
   2.2337924720349582E-030
   2.9769000446304516E-030
   3.7208035715023521E-030
   4.4656419834072101E-030
   5.2119214461494386E-030
   5.9587337524809254E-030
   6.7041197959993523E-030
   7.4516312888342420E-030
   8.2038027102511050E-030
   8.9617948786704462E-030
   9.7256764178196735E-030
   1.0495261680781608E-029
   1.1269917888804403E-029
   1.2048391437094599E-029
   1.2828689868488514E-029
   1.3608591792971501E-029
   1.4385815950210836E-029
   1.5157776015455603E-029
