   1.2957254626659436E-031
   2.5808707902457226E-031
   3.8669612073808493E-031
   5.1548641420472947E-031
   6.4454557188816665E-031
   7.7375643292674668E-031
   9.0271796136758323E-031
   1.0325832864328616E-030
   1.1637365638291885E-030
   1.2962342531917945E-030
   1.4299951111884435E-030
   1.5648521826987573E-030
   1.7004637988741402E-030
   1.8362049886316926E-030
   1.9712451193572268E-030
   2.1057162731507586E-030
   2.2392932832188607E-030
   2.3718716968346800E-030
   2.5033241776949824E-030
   2.2274164107683210E-008
