   1.2995367017678716E-031
   2.5884379512011122E-031
   3.8783132476273118E-031
   5.1699658857855708E-031
   6.4644735581465139E-031
   7.7604750161994410E-031
   9.0543303882709999E-031
   1.0357312509224165E-030
   1.1673291987614459E-030
   1.3002826384385314E-030
   1.4345085196011086E-030
   1.5698383042206835E-030
   1.7059153379550287E-030
   1.8421088783878664E-030
   1.9775559642591945E-030
   2.1123827902468572E-030
   2.2463406388366376E-030
   2.3792564589012903E-030
   2.5110195030474223E-030
   6.6640491294020722E-007
