   1.2689954243975129E-031
   2.5277978560791814E-031
   3.7868054101001660E-031
   5.0467978824618311E-031
   6.3076103799352536E-031
   7.5704095648952866E-031
   8.8345934992585883E-031
   1.0099778471574406E-030
   1.1361441471534664E-030
   1.2625734348616787E-030
   1.3896718737229784E-030
   1.5176161019692486E-030
   1.6464440942042308E-030
   1.7761098593391176E-030
   1.9065165926443535E-030
   2.0374813839181030E-030
   2.1687477970463683E-030
   2.2999707694763712E-030
   2.4307836389374321E-030
   2.5608346784048164E-030
