   3.5731729161778981E-031
   7.1158483272298298E-031
   1.0658325685241360E-030
   1.4204226254803633E-030
   1.7755559289405751E-030
   2.1312613185912898E-030
   2.4875702040499798E-030
   2.8432225175111637E-030
   3.2004122751959513E-030
   3.5605210780525473E-030
   3.9239788241006421E-030
   4.2907803969299704E-030
   4.6607721431059311E-030
   5.0334133615944464E-030
   5.4079657135273253E-030
   5.7831764225578110E-030
   6.1575427463534464E-030
   6.5298265235459988E-030
   6.9002758640893091E-030
   7.2678287551463075E-030
