   2.3198040726370120E-031
   4.6222071363448041E-031
   6.9242355748428695E-031
   9.2284824818248693E-031
   1.1535157853031316E-030
   1.3844769978946202E-030
   1.6158077050753115E-030
   1.8472284180453061E-030
   2.0783733605666183E-030
   2.3106817843087242E-030
   2.5445718113032986E-030
   2.7801394421351652E-030
   3.0173485845580169E-030
   3.2559979111853944E-030
   3.4958041374061795E-030
   3.7362136363216428E-030
   3.9764039833179337E-030
   4.2155473340367726E-030
   4.4530180328600230E-030
   4.6882279686290991E-030
