   2.3306679732189011E-031
   4.6434656464299958E-031
   6.9558425702382222E-031
   9.2703974509665060E-031
   1.1587159108862742E-030
   1.3906891252658938E-030
   1.6229959140280712E-030
   1.8551215635923979E-030
   2.0870917851533901E-030
   2.3203496643899216E-030
   2.5552538410312422E-030
   2.7918892805649905E-030
   3.0301823046650878E-030
   3.2699591784055406E-030
   3.5108566093572811E-030
   3.7522880887745034E-030
   3.9934080464472898E-030
   4.2334895622287461E-030
   4.4720053368381349E-030
   4.7080643560409768E-030
