   5.1271609019794688E-031
   1.0209846567921763E-030
   1.5291596639456029E-030
   2.0378755824245299E-030
   2.5471645825192051E-030
   3.0572790541806780E-030
   3.5682329901544480E-030
   4.0790911367346281E-030
   4.5891720838989983E-030
   5.1024774512311453E-030
   5.6199817322146284E-030
   6.1419417732185715E-030
   6.6682408449206135E-030
   7.1984877643725715E-030
   7.7319161527626596E-030
   8.2672484057681253E-030
   8.8029026431034844E-030
   9.3371098669842200E-030
   9.8681919021248110E-030
   1.0396463778563906E-029
