   9.1584995338242220E-031
   1.8250494972204690E-030
   2.7341044041228174E-030
   3.6440284457677638E-030
   4.5550627940211189E-030
   5.4672702954780595E-030
   6.3804600891475809E-030
   7.2930803151028784E-030
   8.2061190731238605E-030
   9.1242657314888679E-030
   1.0048760387156208E-029
   1.0979887309314953E-029
   1.1917297493832071E-029
   1.2860169471337972E-029
   1.3807144746854598E-029
   1.4756023695535852E-029
   1.5702960064742369E-029
   1.6644066034194161E-029
   1.7580157538774632E-029
   1.8510066396508555E-029
