   9.2734602715258580E-031
   1.8477701818394655E-030
   2.7680706837973711E-030
   3.6892610466476429E-030
   4.6117342509930362E-030
   5.5356424159742901E-030
   6.4603832007936073E-030
   7.3838908205118004E-030
   8.3088784038120127E-030
   9.2394566922964793E-030
   1.0176819241816880E-029
   1.1121297890216659E-029
   1.2072391536202989E-029
   1.3029234767156449E-029
   1.3990305360801689E-029
   1.4952733255249266E-029
   1.5912437478346060E-029
   1.6865933708631272E-029
   1.7814154775468594E-029
   1.8756095881455276E-029
