   3.6360382867211511E-031
   7.2434438137722895E-031
   1.0850817082163149E-030
   1.4461384019465197E-030
   1.8077030715381126E-030
   2.1698208514874747E-030
   2.5324348409603150E-030
   2.8942280586975464E-030
   3.2577483360182679E-030
   3.6241252186989783E-030
   3.9936071256182705E-030
   4.3661953282873273E-030
   4.7415211223632683E-030
   5.1191269054803669E-030
   5.4980723262608888E-030
   5.8768978844882587E-030
   6.2538262293060899E-030
   6.6287365587930241E-030
   7.0008383456405134E-030
   7.3692469586427927E-030
