   9.2734602715258580E-031
   1.8477701760860671E-030
   2.7680706670184093E-030
   3.6892610145728396E-030
   4.6117342003332248E-030
   5.5356423460973259E-030
   6.4603831106271025E-030
   7.3838907269397969E-030
   8.3088782609765322E-030
   9.2394564625510359E-030
   1.0176818914132448E-029
   1.1121297474508224E-029
   1.2072391059264131E-029
   1.3029234268470955E-029
   1.3990304891268767E-029
   1.4952732873354455E-029
   1.5912437247772178E-029
   1.6865933694040882E-029
   1.7814155025980290E-029
   1.8756096458212805E-029
