   5.1281235254745383E-031
   1.0211777617469748E-030
   1.5294498361146569E-030
   2.0382628409921802E-030
   2.5476493218494567E-030
   3.0578636022737187E-030
   3.5689172282007520E-030
   4.0798789836729343E-030
   4.5900651516491387E-030
   5.1034687909324976E-030
   5.6210640463458807E-030
   6.1431089437827002E-030
   6.6694845382479788E-030
   7.1998025869107156E-030
   7.7332960154043012E-030
   8.2686881440746768E-030
   8.8043975796920319E-030
   9.3386555094049953E-030
   9.8697833713559965E-030
   1.0398097389189178E-029
