   1.2995367017678716E-031
   2.5884379825668631E-031
   3.8783133376181106E-031
   5.1699660576304238E-031
   6.4644738285401705E-031
   7.7604754034958106E-031
   9.0543309245092849E-031
   1.0357313372668652E-030
   1.1673293243865285E-030
   1.3002828014665078E-030
   1.4345087114471217E-030
   1.5698385114235268E-030
   1.7059155430914651E-030
   1.8421090625410420E-030
   1.9775561069731008E-030
   2.1123828721935547E-030
   2.2463406440306905E-030
   2.3792563720935476E-030
   2.5110193114645283E-030
   6.6634563047809124E-007
