   5.1281235254745383E-031
   1.0211777881212308E-030
   1.5294499118649795E-030
   2.0382629857619336E-030
   2.5476495534321965E-030
   3.0578639349694476E-030
   3.5689176755952801E-030
   4.0798795410674749E-030
   4.5900658981452482E-030
   5.1034698795462484E-030
   5.6210655267466695E-030
   6.1431107949536843E-030
   6.6694866866010108E-030
   7.1998049257626143E-030
   7.7332984117532359E-030
   8.2686904665257712E-030
   8.8043997142719478E-030
   9.3386573393697809E-030
   9.8697848100372138E-030
   1.0398098376185471E-029
