   5.1025706047840406E-031
   1.0160975004133525E-030
   1.5218521689042755E-030
   2.0281225357813196E-030
   2.5349577007609455E-030
   3.0426841947746159E-030
   3.5511043030824742E-030
   4.0593857768902789E-030
   4.5667305296441590E-030
   5.0772113091679580E-030
   5.5918109012906120E-030
   6.1107844472254612E-030
   6.6340073526836609E-030
   7.1611598338561843E-030
   7.6914773099033714E-030
   8.2237497782735406E-030
   8.7564168372517256E-030
   9.2878366779572483E-030
   9.8163348637301250E-030
   1.0342279582969511E-029
