   5.1950244766169614E-031
   1.0344704733953571E-030
   1.5493331060779217E-030
   2.0647796613363106E-030
   2.5809103671911160E-030
   3.0977533944330855E-030
   3.6154943055466858E-030
   4.1335583587547379E-030
   4.6510866662362880E-030
   5.1721094585047059E-030
   5.6975712378884641E-030
   6.2276464951692522E-030
   6.7623237659089791E-030
   7.3010053845173183E-030
   7.8429448473487821E-030
   8.3867160672264201E-030
   8.9304238636139235E-030
   9.4720850511324351E-030
   1.0010490523276273E-029
   1.0545507622448309E-029
