   1.2876501454791254E-031
   2.5653234744924715E-031
   3.8432029780740550E-031
   5.1220123352367232E-031
   6.4020137260797749E-031
   7.6834602840526675E-031
   8.9670980129386845E-031
   1.0251555888032829E-030
   1.1534234411737042E-030
   1.2819501997443087E-030
   1.4111404262986992E-030
   1.5411630457951366E-030
   1.6720453497197581E-030
   1.8037489790609639E-030
   1.9361700057523993E-030
   2.0691151865041651E-030
   2.2022901009388576E-030
   2.3352955601495168E-030
   2.4677215191939775E-030
   2.5991333184741497E-030
