   1.0544630567112841E-030
   2.1009821325410750E-030
   3.1475148910776573E-030
   4.1951751650111764E-030
   5.2446804759084837E-030
   6.2956289857038532E-030
   7.3472344128545652E-030
   8.3968257771221702E-030
   9.4524825182188381E-030
   1.0516456666413410E-029
   1.1589243650895195E-029
   1.2670407596883253E-029
   1.3759009285282770E-029
   1.4853270511969519E-029
   1.5950219688551882E-029
   1.7044591686608310E-029
   1.8131801824334463E-029
   1.9213583461451730E-029
   2.0285494987420576E-029
   2.1347414919188388E-029
