   1.2869630343317658E-031
   2.5634807621270280E-031
   3.8402147718189049E-031
   5.1179222329433462E-031
   6.3968591954853081E-031
   7.6773122372137487E-031
   8.9600399523205614E-031
   1.0243582988333919E-030
   1.1525008710549734E-030
   1.2809380298067295E-030
   1.4100838061778725E-030
   1.5401169659171218E-030
   1.6710607436793579E-030
   1.8028820343239897E-030
   1.9354722455208610E-030
   2.0686308902401543E-030
   2.2020523087169798E-030
   2.3353535930164199E-030
   2.4681192382325827E-030
   2.5999227839268752E-030
