   1.3124194960609107E-031
   2.6143476673767485E-031
   3.9163983368892456E-031
   5.2195714534140122E-031
   6.5241872338423157E-031
   7.8302404794874188E-031
   9.1379934194217536E-031
   1.0447090458743746E-030
   1.1753097387347761E-030
   1.3063504384462254E-030
   1.4381960898400169E-030
   1.5709371941527162E-030
   1.7046093045278757E-030
   1.8391349208963608E-030
   1.9744115119584623E-030
   2.1102158444805671E-030
   2.2461584759756723E-030
   2.3817438024189160E-030
   2.5166024769986474E-030
   2.6504628002401079E-030
