   7.4897446876087754E-031
   1.4913572233788940E-030
   2.2338733396702354E-030
   2.9770088740043853E-030
   3.7209419585230769E-030
   4.4658106097728381E-030
   5.2121231378908659E-030
   5.9589737024715123E-030
   6.7044086143916458E-030
   7.4519785478097575E-030
   8.2042066395916297E-030
   8.9622524532633228E-030
   9.7261827176597299E-030
   1.0495812687167613E-029
   1.1270508871966517E-029
   1.2049018159409631E-029
   1.2829348817391149E-029
   1.3609279190083729E-029
   1.4386528734240232E-029
   1.5158511465900257E-029
