   3.5667699307226339E-031
   7.1031423246514096E-031
   1.0639295642738003E-030
   1.4178862703653314E-030
   1.7723844776173544E-030
   2.1274610906485609E-030
   2.4831208200364550E-030
   2.8380653115370252E-030
   3.1945308881166720E-030
   3.5538877557051477E-030
   3.9165744485295966E-030
   4.2825960024639844E-030
   4.6517986563954582E-030
   5.0236512844864525E-030
   5.3974165753618500E-030
   5.7718743309020571E-030
   6.1455241742525841E-030
   6.5171204605219655E-030
   6.8869660841160276E-030
   7.2539384660644835E-030
