   9.1585701606773167E-031
   1.8240062983717561E-030
   2.7325311211811353E-030
   3.6422201656005443E-030
   4.5539441774364482E-030
   5.4668574102319592E-030
   6.3789427308248864E-030
   7.2940664079379347E-030
   8.2171255970000356E-030
   9.1493482885334532E-030
   1.0090724158249022E-029
   1.1040548897371163E-029
   1.1997258155277012E-029
   1.2958568249463294E-029
   1.3919814973120041E-029
   1.4875961888080508E-029
   1.5828460394902259E-029
   1.6771468893134476E-029
   1.9417446181703266E-021
   2.0413294307856162     
