   2.2933736773706565E-031
   4.5685832614386817E-031
   6.8457123440354260E-031
   9.1267680430882931E-031
   1.1412592264112363E-030
   1.3699753709841491E-030
   1.5991159782158504E-030
   1.8303976345709804E-030
   2.0641491070945470E-030
   2.3003715871928416E-030
   2.5387513669049726E-030
   2.7787879569486830E-030
   3.0194531364853563E-030
   3.2591606737711427E-030
   3.4976908251505980E-030
   3.7353105029058436E-030
   3.9719815072414182E-030
   4.2079485083386305E-030
   4.4432788108883979E-030
   4.6785461605656785E-030
