   2.2992287808789288E-031
   4.5780398494613549E-031
   6.8571715790599528E-031
   9.1398367242508821E-031
   1.1425971582563720E-030
   1.3716417895717551E-030
   1.6008072945697310E-030
   1.8299066750718917E-030
   2.0609634356550920E-030
   2.2943665837033627E-030
   2.5301864146239435E-030
   2.7683157257308696E-030
   3.0084177507503002E-030
   3.2499699851367975E-030
   3.4921061898296551E-030
   3.7337406210789241E-030
   3.9743024577132537E-030
   4.2136235134180857E-030
   4.4511113312673810E-030
   4.6866677312720626E-030
