   1.2742508046281524E-031
   2.5378173048582295E-031
   3.8023522450342645E-031
   5.0684321285421557E-031
   6.3370831217524048E-031
   7.6068158108973733E-031
   8.8750689267130515E-031
   1.0154634193848515E-030
   1.1448184312178521E-030
   1.2755984673195961E-030
   1.4076819886572644E-030
   1.5408597879906255E-030
   1.6747858314568151E-030
   1.8087339099644373E-030
   1.9420454004506331E-030
   2.0749125656337306E-030
   2.2071329370128189E-030
   2.3385043190719136E-030
   2.4660977992503773E-030
   7.1887645070024724E-003
