   2.2932110937535904E-031
   4.5682554921733085E-031
   6.8452198277258999E-031
   9.1261094085134106E-031
   1.1411766064552048E-030
   1.3698757938878949E-030
   1.5990002444984062E-030
   1.8302671244377779E-030
   2.0640054697066530E-030
   2.3002159122484514E-030
   2.5385847852900872E-030
   2.7786115117163715E-030
   3.0192674761881348E-030
   3.2589662823792141E-030
   3.4974886029393505E-030
   3.7351015189052050E-030
   3.9717665965295154E-030
   4.2077282833363066E-030
   4.4430543885067721E-030
   4.6783183082267370E-030
