   1.2802106927683729E-031
   2.5496601843449738E-031
   3.8190551336464455E-031
   5.0896350738235521E-031
   6.3620621955950888E-031
   7.6364221155582528E-031
   8.9128559891849075E-031
   1.0185961852140772E-030
   1.1464996913332146E-030
   1.2754611081618448E-030
   1.4056094567350336E-030
   1.5369196471486351E-030
   1.6693405106487078E-030
   1.8026634682489376E-030
   1.9366143226663277E-030
   2.0707382714893074E-030
   2.2044975227590287E-030
   2.3375316317565112E-030
   2.4696033775547055E-030
   1.8125835151205260E-010
