   2.3065104258228325E-031
   4.5936724786831580E-031
   6.8807326956265364E-031
   9.1699313653491225E-031
   1.1462458777575364E-030
   1.3758475960735914E-030
   1.6058232887932655E-030
   1.8352041298720527E-030
   2.0656524550346810E-030
   2.2980017950630691E-030
   2.5324861486592475E-030
   2.7690601880892116E-030
   3.0076327844521643E-030
   3.2478278990066777E-030
   3.4891526502954367E-030
   3.7307884968193601E-030
   3.9717643506315102E-030
   4.2114272839252784E-030
   4.4497516730881621E-030
   4.6857519597975430E-030
