   2.3063141191792805E-031
   4.5932773683596815E-031
   6.8801389229149270E-031
   9.1691385212478652E-031
   1.1461465736638282E-030
   1.3757280232949348E-030
   1.6056833547388076E-030
   1.8350429006919556E-030
   2.0654708211534221E-030
   2.2978019038419535E-030
   2.5322695282933075E-030
   2.7688283347891003E-030
   3.0073868433033543E-030
   3.2475691221496265E-030
   3.4888819942986597E-030
   3.7305066383271433E-030
   3.9714720722198338E-030
   4.2111259524227075E-030
   4.4494417511035608E-030
   4.6854342476221061E-030
