   2.3063141191792805E-031
   4.5932773358150046E-031
   6.8801388268585613E-031
   9.1691383370673923E-031
   1.1461465445681795E-030
   1.3757279811301804E-030
   1.6056832988875231E-030
   1.8350428326377005E-030
   2.0654707189224945E-030
   2.2978017544789784E-030
   2.5322693289099696E-030
   2.7688280911643292E-030
   3.0073865679080658E-030
   3.2475688323451741E-030
   3.4888817119138718E-030
   3.7305063861990720E-030
   3.9714718762272535E-030
   4.2111258336843043E-030
   4.4494417338067229E-030
   4.6854343545644117E-030
