   2.2989830042364094E-031
   4.5775471646258706E-031
   6.8564315846152630E-031
   9.1388468166141748E-031
   1.1424728356606668E-030
   1.3714918713273206E-030
   1.6006300064660959E-030
   1.8297001586535164E-030
   2.0607290978725299E-030
   2.2941060214750557E-030
   2.5299020230761996E-030
   2.7680098472567214E-030
   3.0080924101816305E-030
   3.2496271603099952E-030
   3.4917471434507673E-030
   3.7333665978359242E-030
   3.9739156705154763E-030
   4.2132247900406199E-030
   4.4507025135267114E-030
   4.6862503053999216E-030
