   2.1445715919884649E-031
   4.2737751706785059E-031
   6.4056574971953355E-031
   8.5418439866469904E-031
   1.0681435972385412E-030
   1.2818223118376504E-030
   1.4966552590646247E-030
   1.7130674018779879E-030
   1.9309227665426875E-030
   2.1490467707761721E-030
   2.3647857450392518E-030
   2.5743384601702462E-030
   2.7800660853347380E-030
   2.9846236536493737E-030
   8.7257848356369391E-002
   9.8170869137783949     
   29.001576286079612     
   50.853240424032677     
   74.295976332104260     
   99.333303995339534     
