   0.0000000000000000     
   0.0000000000000000     
   0.0000000000000000     
   0.0000000000000000     
   0.0000000000000000     
   0.0000000000000000     
   0.0000000000000000     
   0.0000000000000000     
   0.0000000000000000     
   0.0000000000000000     
   1.1656735898242505E-010
   8.3744167020527875     
   24.097880268470160     
   45.075696352710111     
   69.679864031124737     
   96.266355379608015     
   124.80349510683918     
   155.02897913895151     
   186.75158820415766     
   219.84451262130096     
