   1.3683475995954830E-030
   2.7296791400340355E-030
   4.0917206264104643E-030
   5.4551521586552858E-030
   6.8202722430094141E-030
   8.1837141470070832E-030
   9.5485793278164881E-030
   1.0918706748574315E-029
   1.2294228357921719E-029
   1.3672719373023925E-029
   1.5049008221013867E-029
   1.6410475971565719E-029
   1.7739115486552942E-029
   1.9043559408880879E-029
   2.0326961693969061E-029
   1.3433735471315664E-015
   2.6641653181931080     
   13.237047702041078     
   29.544335332997381     
   47.132446687387016     
