   3.4068559781292705E-031
   6.7861181458231378E-031
   1.0173232938433628E-030
   1.3569976261366127E-030
   1.6975921555927680E-030
   2.0440315875612169E-030
   2.3967002661456360E-030
   2.7549189408028678E-030
   3.1173486790761581E-030
   3.4814221371296578E-030
   3.8450659589190323E-030
   4.2094789592375671E-030
   4.5731241992238084E-030
   1.8695647603690424E-005
   6.6709231811552989     
   15.053918044071846     
   25.934024491023152     
   37.962975023889229     
   52.217683215009600     
   67.170981476451558     
