   2.1571498908644578E-030
   4.3008039592788082E-030
   6.4500761785158318E-030
   8.6038892587391631E-030
   1.0775796302210210E-029
   1.2976262231225056E-029
   1.5197965632716468E-029
   1.7413100012476841E-029
   1.9568258966612011E-029
   2.1704923403069767E-029
   2.3844221972264326E-029
   2.0372697007473356E-003
   10.895131543793898     
   26.752731498192215     
   45.812185260452345     
   68.523312438593436     
   92.861782410783064     
   118.49374407925986     
   145.35921272890943     
   173.37902906309913     
