   0.0000000000000000     
   0.0000000000000000     
   0.0000000000000000     
   0.0000000000000000     
   0.0000000000000000     
   0.0000000000000000     
   0.0000000000000000     
   0.0000000000000000     
   0.0000000000000000     
   0.0000000000000000     
   0.0000000000000000     
   0.0000000000000000     
   0.0000000000000000     
   5.3251687604880683E-005
   7.6967575195602373     
   23.246915338933920     
   43.953685030462374     
   66.411491752965162     
   90.340061431326063     
   115.65484541986541     
