   2.5184269225222539E-031
   5.0173768867484623E-031
   7.5181051492541505E-031
   1.0021755243805565E-030
   1.2530147276182324E-030
   1.5041120870234812E-030
   1.7549007465519660E-030
   2.0075349383731194E-030
   2.2625383851812953E-030
   2.5199721839666469E-030
   2.7795855760744335E-030
   3.0408723954715697E-030
   3.3028261914874690E-030
   3.5637215154762665E-030
   3.8227215695625178E-030
   4.0796012562398575E-030
   4.3348457689479212E-030
   4.5882953329435215E-030
   5.3518505600587057E-024
  0.65256736279360839     
