   1.4143577460027775E-030
   2.8211831005708997E-030
   4.2298862343442367E-030
   5.6416575318358603E-030
   7.0530695632772982E-030
   8.4697410636917146E-030
   9.8936287445814885E-030
   1.1318854653683405E-029
   1.2723565314222267E-029
   1.4069084820177244E-029
   1.5383618396624500E-029
   1.6693294766698345E-029
   7.5918546875992470E-007
   8.3091389046363329     
   26.836429413331004     
   52.061955521238325     
   79.140365760767338     
   108.01557927375403     
   138.55948613687880     
   170.61218573232549     
