   5.1140713443575537E-031
   1.0192646007738414E-030
   1.5281708191560607E-030
   2.0383396086475202E-030
   2.5493952844277969E-030
   3.0653763873324860E-030
   3.5874461347283236E-030
   4.1146406296627333E-030
   4.6427669043384887E-030
   5.1611106217671459E-030
   5.6717406346047212E-030
   6.1784928893455215E-030
   6.6841666970702283E-030
   2.0042577466387232     
   13.325982941965067     
   28.918420515051682     
   48.838825493811981     
   70.436164666015557     
   93.260287518144025     
   117.19336627357769     
