   1.5582581486239601E-030
   3.1064139359339068E-030
   4.6572716667015728E-030
   6.2107145790376774E-030
   7.7608892235606653E-030
   9.3191114211150766E-030
   1.0889821054313845E-029
   1.2469567546533101E-029
   1.4048371045276061E-029
   1.5595240437846729E-029
   1.7100281607558251E-029
   1.8596623317740376E-029
   2.0098800735858118E-029
   2.8329875036205439E-012
   4.4325694315361526     
   19.501409699524771     
   41.645262798050041     
   66.267391072041306     
   92.335445469172413     
   119.86409176715006     
