   2.9493436440680905E-031
   5.8734418777549025E-031
   8.8082832311328904E-031
   1.1741760908081577E-030
   1.4731279965336532E-030
   1.7788811184858912E-030
   2.0904225546151789E-030
   2.4045491041793181E-030
   2.7161603677448800E-030
   3.0274816183228573E-030
   3.3417520133544060E-030
   1.7341529088385490E-003
   10.082319054019010     
   23.454726837395881     
   40.617951833855031     
   61.932074762337059     
   84.847804779489238     
   108.90060994527367     
   134.06523440440023     
   160.28234100972469     
