   0.0000000000000000     
   0.0000000000000000     
   0.0000000000000000     
   0.0000000000000000     
   0.0000000000000000     
   0.0000000000000000     
   0.0000000000000000     
   0.0000000000000000     
   7.0442778904223085     
   22.578709482624120     
   44.342921823765330     
   69.766442121850147     
   99.753638453348529     
   132.00943173359639     
   166.04272836840016     
   201.81871076144608     
   239.18561842498369     
   278.00982881440541     
   318.18045554672005     
   359.60496501810508     
