   9.3495118427050798E-031
   1.8631409140630495E-030
   2.7939222220699699E-030
   3.7264809702589212E-030
   4.6644968539708946E-030
   5.6176069810172184E-030
   6.5854655916774266E-030
   7.5654516569139764E-030
   8.5511056827625155E-030
   9.5326620315420955E-030
   1.0514514364459639E-029
   1.1497127265556033E-029
   1.2482331980134582E-029
   1.3470112801475401E-029
   1.4460527929790490E-029
   1.5452719741475514E-029
   5.2863360431991777E-003
   7.0360479615559957     
   16.548012093107339     
   28.953870091173496     
