   0.0000000000000000     
   0.0000000000000000     
   0.0000000000000000     
   0.0000000000000000     
   0.0000000000000000     
   0.0000000000000000     
   0.0000000000000000     
   0.0000000000000000     
   0.0000000000000000     
   0.0000000000000000     
   0.0000000000000000     
   1.2105955311427708E-012
   6.4552871677468575     
   19.022165796484188     
   36.045655172948592     
   57.088207000338514     
   80.359066257365967     
   104.75631314695192     
   130.31735500728325     
   157.00059116718117     
