   4.2832280725640422E-031
   8.5425969086010891E-031
   1.2808392364310064E-030
   1.7082747481688785E-030
   2.1355923717035010E-030
   2.5655563991982322E-030
   2.9979056438327899E-030
   3.4292896816494639E-030
   3.8516786528935234E-030
   4.2566279680075863E-030
   4.6594266927233529E-030
   5.0642299845952084E-030
   3.0950938296813537     
   18.269934702751154     
   39.116846384387379     
   65.623351144956089     
   93.835080693955689     
   123.78813906003623     
   155.35114014308419     
   188.37287431633052     
