   0.0000000000000000     
   0.0000000000000000     
   0.0000000000000000     
   0.0000000000000000     
   0.0000000000000000     
   0.0000000000000000     
   0.0000000000000000     
   0.0000000000000000     
   0.0000000000000000     
   0.0000000000000000     
   0.0000000000000000     
   4.4361676028098902     
   16.739341935003750     
   33.739365743587896     
   54.976039498199491     
   78.359894423727539     
   103.27612902034767     
   129.42538726621913     
   156.77298395647804     
   185.22459622997121     
