   0.0000000000000000     
   0.0000000000000000     
   0.0000000000000000     
   0.0000000000000000     
   0.0000000000000000     
   0.0000000000000000     
   0.0000000000000000     
   0.0000000000000000     
   0.0000000000000000     
   0.0000000000000000     
   0.0000000000000000     
   0.0000000000000000     
   2.1473819590138987     
   12.927539044004556     
   27.291582848255533     
   44.801830351618030     
   66.400576716100034     
   89.130939755180620     
   112.89672215673767     
   137.62630928545755     
