   3.4377955858921113E-031
   6.8515097134846761E-031
   1.0282511039741094E-030
   1.3768193918065476E-030
   1.7345052952776909E-030
   2.0977765930417132E-030
   2.4559937029487801E-030
   2.8137157944910785E-030
   3.1785188045736369E-030
   3.5505237054410488E-030
   5.9701152165976890     
   19.891609510813666     
   38.851635441869462     
   60.961370584383644     
   88.108549316129128     
   116.68469416983378     
   146.62606888782983     
   177.88390908370201     
   210.37598998100370     
   244.01085330928603     
