   4.2711818673038250E-031
   8.5004436465681689E-031
   1.2731529935104252E-030
   1.6969925427024364E-030
   2.1218110738614195E-030
   2.5475217548902804E-030
   2.9740157481667283E-030
   3.4013577930315804E-030
   3.8328521376362451E-030
   4.2694254765428872E-030
   4.7109791218393869E-030
   5.1569886224610885E-030
   5.6063370109287807E-030
   6.0571992299338904E-030
   6.5061943510280483E-030
   6.9506628538661956E-030
   7.3915042935224158E-030
   7.8318763585235964E-030
   8.2730390794024744E-030
   8.7159490920501819E-030
