   3.7550746975858298E-031
   7.4876368171249082E-031
   1.1224981747474466E-030
   1.4969725856625753E-030
   1.8718766283093283E-030
   2.2470686439617449E-030
   2.6244257061155715E-030
   3.0040931321406816E-030
   3.3851845372343930E-030
   3.7640995461489278E-030
   4.1344932642796977E-030
   4.4943623315060400E-030
   4.8496581699572424E-030
   2.7385853912587406E-021
   3.9117606107193730     
   18.314135447115394     
   37.984290753038728     
   59.730883651467749     
   82.982736178632365     
   107.65117128103201     
