   2.0941423356926336E-030
   4.1728889524845340E-030
   6.2531863738461097E-030
   8.3365072748785151E-030
   1.0423066956827752E-029
   1.2512049935585867E-029
   1.4599080813275364E-029
   1.6698864975627165E-029
   1.8814589301588710E-029
   2.0945463996107624E-029
   2.3087127189336744E-029
   2.5228491217746276E-029
   2.7345417541115105E-029
   2.9420002172243887E-029
   3.1467692484080712E-029
   3.3504391550197208E-029
   3.5612629943049902E-029
   1.0202520672638560     
   10.709614415502191     
   28.697897778455985     
