   2.2399503760322834E-031
   4.4685635358282460E-031
   6.7007879144513227E-031
   8.9247172593511559E-031
   1.1161065507248766E-030
   1.3409745726093236E-030
   1.5651799259544156E-030
   1.7842600204830004E-030
   1.9984277404803610E-030
   2.1272345114186266     
   14.355612868712862     
   30.760039080343898     
   52.193850064484629     
   76.952291079637760     
   103.69055678431300     
   132.31178667156991     
   162.59064614035293     
   194.34269657944094     
   227.44619371948571     
   261.79479649373525     
