   2.4390373139044122E-031
   4.8584571370307630E-031
   7.2776155221260084E-031
   9.6991546753674315E-031
   1.2124395988751026E-030
   1.4553827064849086E-030
   1.6985911927901799E-030
   1.9413565814896884E-030
   2.1847891838573241E-030
   2.4298568627360496E-030
   2.6768995384070037E-030
   2.9259757989311318E-030
   3.1769502506613551E-030
   3.4294819494221353E-030
   3.6830184860418353E-030
   3.9366693824599727E-030
   4.1893304280026685E-030
   4.4400870620259435E-030
   4.6891302202979553E-030
   4.9353406588361465E-030
