   7.4114802993572574E-031
   1.4765894697612002E-030
   2.2121531834663150E-030
   2.9482410856385379E-030
   3.6849314274020954E-030
   4.4225646281841357E-030
   5.1613032824168616E-030
   5.9005314772063443E-030
   6.6385320913327823E-030
   7.3777925763887845E-030
   8.1207928993886886E-030
   8.8684389968206541E-030
   9.6209659870687645E-030
   1.0378191810462298E-029
   1.1139428210403841E-029
   1.1903745647681286E-029
   1.2669508368579124E-029
   1.3434671887250099E-029
   1.4196941995983585E-029
   1.4953731140958486E-029
