   6.2709007429013481E-031
   1.2511979142520908E-030
   1.8769780178157474E-030
   2.5055646770567581E-030
   3.1405146551405039E-030
   3.7744118500013316E-030
   4.3880538515004921E-030
   4.9929312684723002E-030
   8.3336289247630660E-022
   11.011169849312155     
   26.589616271240871     
   47.274239834213034     
   72.774684597169085     
   100.83789727924378     
   130.83605492263166     
   162.49368283209179     
   195.69571061520995     
   230.31443378656357     
   266.24199024355738     
   303.38630380089569     
