   6.9513051480979781E-031
   1.3848514003151127E-030
   2.0766017192968230E-030
   2.7696678838546092E-030
   3.4679283863836731E-030
   4.1790453475911802E-030
   4.9025493257508949E-030
   5.6367343151734203E-030
   6.3774272675257591E-030
   7.1175437185235467E-030
   7.8597317496758668E-030
   8.6039102614768709E-030
   9.3490434007018457E-030
   1.0092810939959714E-029
   1.0835658647630493E-029
   2.4659688742484156     
   9.9698539874044378     
   19.362838879874978     
   31.223806636428385     
   44.698654876292956     
