   2.0010323361697286E-031
   3.9901872630434531E-031
   5.9823728016642326E-031
   7.9783786079432488E-031
   9.9723824288682371E-031
   1.1980163943868383E-030
   1.4003791218735345E-030
   1.6037726204210021E-030
   1.8060279674063850E-030
   2.0035294234763048E-030
   2.1975596252984595E-030
   7.1822900885760176E-017
   6.1335478908598766     
   19.706268570946442     
   37.274460091333800     
   58.012282110472569     
   80.827121377520498     
   105.08909800085333     
   130.70904893023663     
   157.54992417229690     
