   1.2662737091355796E-031
   2.5231897824187039E-031
   3.7825616171702457E-031
   5.0444505146937104E-031
   6.3036604193063734E-031
   7.5759427746835005E-031
   8.8656450268980469E-031
   1.0171861093353111E-030
   1.1492282862301253E-030
   1.2821450444143516E-030
   1.4149201540858590E-030
   1.5472453695529741E-030
   1.6794117864308287E-030
   1.8104095424206323E-030
   6.1492223934481283E-002
   6.7980278208550349     
   15.121532328685753     
   25.909070906855305     
   38.979814049685118     
   52.976514421165163     
