   0.0000000000000000     
   0.0000000000000000     
   0.0000000000000000     
   0.0000000000000000     
   0.0000000000000000     
   0.0000000000000000     
   0.0000000000000000     
   0.0000000000000000     
   0.0000000000000000     
   0.0000000000000000     
   0.0000000000000000     
  0.33043195421868293     
   12.926593468838220     
   30.675436150270020     
   52.174455812184490     
   77.988164324300598     
   105.07636560761679     
   133.43711875077807     
   163.02180214551476     
   193.76438953786203     
