   4.0866358998326236E-031
   8.1376829539216938E-031
   1.2192262552389673E-030
   1.6254585380362913E-030
   2.0327568261412559E-030
   2.4408107038307854E-030
   2.8493374442012337E-030
   3.2619885214777275E-030
   3.6793413892076237E-030
   4.1014618652440893E-030
   4.5277131310556859E-030
   4.9568413945681811E-030
   5.3863138036102731E-030
   5.8124603722594776E-030
   6.2348372192090377E-030
   6.6543435276930743E-030
   7.0714099805447282E-030
   5.7700465507500719E-022
   2.0961127606929257     
   12.342125888526223     
