   3.7236575647806939E-031
   7.4347380235630376E-031
   1.1151733009829011E-030
   1.4911336282982015E-030
   1.8662324100928431E-030
   2.2328298012585781E-030
   2.5981031755808973E-030
   2.9653519979342187E-030
   9.8365248650594790     
   23.673228847024571     
   42.303359063870460     
   63.337418107130837     
   88.531149689932192     
   115.37341493806694     
   144.25115714018699     
   174.57210985844981     
   206.31327233870053     
   239.36423964234041     
   273.62868676523948     
   309.02352830977031     
