   1.3769250062363483E-031
   2.7432874904844116E-031
   4.1107528172935370E-031
   5.4804028289721876E-031
   6.8522736452700853E-031
   8.2248814076725382E-031
   9.5976241185620743E-031
   1.0981781745196245E-030
   1.2379342002196250E-030
   1.3790341053601236E-030
   1.5213091781498456E-030
   1.6644463412596408E-030
   1.8077332512510928E-030
   1.9501642167656469E-030
   2.0918088244332130E-030
   2.2324016061994918E-030
   2.3722269017469569E-030
   2.5113054246473135E-030
   2.6495179910958116E-030
   2.7585799342438516E-002
