   1.1684872875000942E-031
   2.3263162250633896E-031
   3.4860896773407853E-031
   4.6491178581988315E-031
   5.8144675958881042E-031
   6.9806275226273475E-031
   8.1620561834206513E-031
   9.3611189752102665E-031
   1.0577336942468739E-030
   1.1808819920285329E-030
   1.3052695015654915E-030
   1.4302636589515245E-030
   1.5550213187003760E-030
   1.6797787473101747E-030
   1.8044673635986611E-030
   1.9290595087258157E-030
   2.0535647141758115E-030
   2.1779987783370181E-030
   4.8088146377328847E-025
  0.24027240966958238     
