   1.8430123694923447E-030
   3.6740118363413223E-030
   5.5095342285407205E-030
   7.3493045125519852E-030
   9.1946601827055081E-030
   1.1059028017903494E-029
   1.2939882442929962E-029
   1.4818137065420293E-029
   1.6637033105654935E-029
   1.8415483247620996E-029
   2.0195938810547103E-029
   2.1360556573568939E-019
   6.2915968585040414     
   23.588821494083419     
   46.948690048898726     
   73.681526496884914     
   102.05240557301779     
   131.99950919877540     
   163.43508490174941     
   196.23469253918574     
