   1.6448733946181795E-030
   3.2753159318759889E-030
   4.9120396531175123E-030
   6.5535970568372875E-030
   8.2167615683676775E-030
   9.9169317508647294E-030
   1.1651378669820694E-029
   1.3410198307023497E-029
   1.5168732525795504E-029
   1.6922896961092139E-029
   1.8679827454827766E-029
   2.0454840797630223E-029
   2.2248778502622803E-029
   2.4061049242536537E-029
   3.1874868639981305E-002
   9.3905050730226005     
   22.073911265457244     
   37.880101059777076     
   57.573629319278766     
   78.213512546146220     
