   2.4964169205140037E-031
   4.9729186529712743E-031
   7.4545313030490427E-031
   9.9425200851234077E-031
   1.2428691661272119E-030
   1.4944097418137627E-030
   1.7496942872295883E-030
   2.0085970937602641E-030
   2.2703863656638902E-030
   2.5335275284925384E-030
   2.7950430432562894E-030
   3.0557366311542443E-030
   3.3160034981883772E-030
   3.5764754378028364E-030
   3.8373703031219794E-030
   4.0990620359348100E-030
   4.6830311828137053E-004
   6.0366358919038063     
   16.400936332048417     
   29.701511340977437     
