   1.3233346704091354E-031
   2.6367259211360572E-031
   3.9500987230569191E-031
   5.2646052032188835E-031
   6.5813143367144423E-031
   7.8998394355005640E-031
   9.2187488739643102E-031
   1.0534340754607633E-030
   1.1857046821002639E-030
   1.3190002766090632E-030
   1.4533598307218640E-030
   1.5887405013151515E-030
   1.7250100616162987E-030
   1.8619508913623763E-030
   1.9991778596136011E-030
   2.1360286296095110E-030
   2.2719487090546925E-030
   2.4071220049563639E-030
   2.5413330657775657E-030
   2.6744709939943163E-030
