   1.1683887416852774E-031
   2.3253371905231050E-031
   3.4843305582876728E-031
   4.6468585579994534E-031
   5.8116600331421502E-031
   6.9771845287885086E-031
   8.1594620730105547E-031
   9.3609547913072761E-031
   1.0581412608778254E-030
   1.1818689960180420E-030
   1.3069894745331374E-030
   1.4328829125273862E-030
   1.5587373323675257E-030
   1.6846274501825760E-030
   1.8105454483247282E-030
   1.9364308359825223E-030
   2.0621417136371454E-030
   3.0726348448425356E-029
  0.73888861652343552     
   7.9572583885079391     
