   1.2052928217281996E-031
   2.4011479579279775E-031
   3.5970904162910478E-031
   4.7946158243720984E-031
   5.9940194980066459E-031
   7.1949817501005584E-031
   8.3971822776895065E-031
   9.5984708919554306E-031
   1.0808066730384265E-030
   1.2028241214408560E-030
   1.3259429190424152E-030
   1.4501097824916402E-030
   1.5752013307486715E-030
   1.7010131093239883E-030
   1.8272314925639091E-030
   1.9533181815286447E-030
   2.0787665394464717E-030
   2.2037436633966730E-030
   2.3279105629922382E-030
   2.4511576219231560E-030
