   0.0000000000000000     
   0.0000000000000000     
   0.0000000000000000     
   0.0000000000000000     
   0.0000000000000000     
   0.0000000000000000     
   0.0000000000000000     
   0.0000000000000000     
   0.0000000000000000     
   0.0000000000000000     
   9.3063825664316314E-017
   7.5960507209262991     
   22.739193782869251     
   42.728163635707666     
   68.338981053740767     
   95.504687115501127     
   124.16894964392107     
   154.26449606492312     
   185.70845973463202     
   218.39886235408693     
