   9.3112581765731139E-031
   1.8562920353102237E-030
   2.7836852017012457E-030
   3.7129452959712606E-030
   4.6465358866171704E-030
   5.5919706341785747E-030
   6.5485016938732513E-030
   7.5121301260770632E-030
   8.4716859333593455E-030
   9.4172860434782794E-030
   1.0358116268191936E-029
   1.1297318921927640E-029
   1.2235534644570421E-029
   1.0104199137088004E-002
   8.9428929028345543     
   21.441164598001581     
   36.438175470945041     
   55.113705878537473     
   74.716633407492822     
   95.477416988237124     
