   2.2624915247592117E-030
   4.5132619573972841E-030
   6.7674424686344402E-030
   9.0263554487814629E-030
   1.1287238203555396E-029
   1.3563373238978174E-029
   1.5855304937221730E-029
   1.8152087794546489E-029
   2.0425805924132090E-029
   2.2623307667487802E-029
   2.4791996740678756E-029
   2.6950522310153310E-029
   3.8770995062927368E-029
   2.8553044180141036     
   15.772390202810213     
   32.669140423822995     
   54.499871461470342     
   77.693640522854238     
   102.23355350656210     
   127.99877706865226     
