   6.1287473275235013E-030
   1.2219513882528538E-029
   1.8326414255936206E-029
   2.4427115631732348E-029
   3.0589827038046165E-029
   3.6827597277077068E-029
   4.3101799444487276E-029
   4.9304543580049881E-029
   5.5351953335022718E-029
   6.1382619201335072E-029
   6.7454572805533363E-029
   4.3414924313522638     
   18.259579844704064     
   36.849946195999003     
   60.806159645389755     
   86.699586105261773     
   114.14134852781440     
   143.00656731585690     
   173.20111856443208     
   204.62210808932383     
