   6.6278032018866066E-031
   1.3205929063755937E-030
   1.9807324881660326E-030
   2.6429408099770420E-030
   3.3175804272277592E-030
   4.0059241289443608E-030
   4.7045454752176489E-030
   5.4003696802553629E-030
   6.0913210698446074E-030
   6.7830542506347720E-030
   7.4818256076279697E-030
   8.1524741404935383E-030
   1.5903683760875835     
   12.617909697297794     
   27.630824915152541     
   45.217707910572138     
   66.982954186002019     
   89.825300159190760     
   113.76551079032006     
   138.71955551589241     
