   1.5053978431486555E-030
   2.9995462668568846E-030
   4.4960647662206608E-030
   5.9963514261111045E-030
   7.4988199207173452E-030
   9.0035920856623009E-030
   1.0520832218544478E-029
   1.2052240087174735E-029
   1.3593874373437542E-029
   1.5133356956241939E-029
   1.6640361339567311E-029
   1.8108079344981859E-029
   1.9567019766324424E-029
   2.1030614218087476E-029
   1.6471936976191410     
   13.693271959481198     
   33.314292916719907     
   56.499756251016699     
   81.123960139878761     
   107.19569283492234     
