   3.8797188969798298E-031
   7.7343041743973313E-031
   1.1595351580768609E-030
   1.5463796438090257E-030
   1.9332603377382188E-030
   2.3221671551622857E-030
   2.7143300174295527E-030
   3.1090609929094019E-030
   3.5039088518143261E-030
   3.8919080685080323E-030
   4.2666983576839991E-030
   4.6378770295223843E-030
   4.4703830083017560E-021
   4.9310864514017343     
   20.681176756097077     
   41.900187339962017     
   65.760501080220962     
   91.199403325791096     
   118.15820879324892     
   146.49912879786694     
