   0.0000000000000000     
   0.0000000000000000     
   0.0000000000000000     
   0.0000000000000000     
   0.0000000000000000     
   0.0000000000000000     
   0.0000000000000000     
   0.0000000000000000     
   0.0000000000000000     
   0.0000000000000000     
   6.4734480259711580     
   19.199924368253271     
   36.420345256504014     
   57.818673010550583     
   82.056464024794778     
   107.94552096812723     
   135.31542952349025     
   164.07049959596407     
   194.08844723362645     
   225.26975631311939     
