   2.0659511207567459E-031
   4.1227932860974051E-031
   6.1831321322899093E-031
   8.2501481396932687E-031
   1.0335130836106297E-030
   1.2420523502207496E-030
   1.4454927377034987E-030
   1.6462137331646455E-030
   1.8474812559946013E-030
   2.0500407754395983E-030
   3.4816163883013553E-006
   10.959200780319060     
   26.717107561021564     
   46.508296883503803     
   71.458034232444021     
   97.834403884483436     
   125.67920857635428     
   154.89104390088141     
   185.40565469697293     
   217.12847222651283     
