   1.2590164333913812E-031
   2.5084552270296363E-031
   3.7580567449883010E-031
   5.0086154607234721E-031
   6.2597523988734796E-031
   7.5130368407283803E-031
   8.7671353074333184E-031
   1.0022159732077563E-030
   1.1273405684413717E-030
   1.2526900701083017E-030
   1.3786419035765136E-030
   1.5053629624856690E-030
   1.6328773794325488E-030
   1.7611618546963493E-030
   1.8901120015475431E-030
   2.0195887939765762E-030
   2.1493392618013746E-030
   2.2790441341323411E-030
   2.4083204659508525E-030
   2.5369301952988592E-030
