   2.2191635800709642E-031
   4.4209418056471781E-031
   6.6264232662301590E-031
   8.8373388924150461E-031
   1.1050899353821679E-030
   1.3271078906133378E-030
   1.5518239127823584E-030
   1.7794493828096218E-030
   2.0097637977680565E-030
   2.2423219569479505E-030
   2.4761399850006438E-030
   2.7095146494100425E-030
   2.9420773081929079E-030
   3.1741407276220482E-030
   3.4046367973600941E-030
   3.6327667106561574E-030
   6.9624475787797083E-003
   6.3005961458219826     
   14.736958351490770     
   25.508603971657003     
