   3.7192394978509509E-031
   7.4209912735082989E-031
   1.1127374424511770E-030
   1.4837958300634365E-030
   1.8548587880265247E-030
   2.2279869870893759E-030
   2.6026490588469242E-030
   2.9765010743548658E-030
   3.3429805443165718E-030
   3.7001645125660762E-030
   4.0520400212624743E-030
   1.5300514783615938E-013
   5.7472241734122047     
   19.466162510731564     
   36.776376278996935     
   57.955249908770107     
   81.061302973168296     
   105.64286820777001     
   131.60535459487545     
   158.81495216005769     
