   3.6181041757584546E-031
   7.2180896765609419E-031
   1.0829838684005592E-030
   1.4461070742686951E-030
   1.8140593131794701E-030
   2.1842833915904651E-030
   2.5459729459592128E-030
   2.9031113083716858E-030
   3.2597203723703763E-030
   5.6146277202786807     
   18.209883944824057     
   35.471296418496095     
   55.245558415390363     
   78.828796850492665     
   104.56461926436207     
   131.84294243367353     
   160.50309845278167     
   190.47871874458377     
   221.66133345650096     
   253.95922484606692     
