   1.0591551798492757E-030
   2.1130951540798337E-030
   3.1684618699181719E-030
   4.2255806357737894E-030
   5.2826416929536124E-030
   6.3457211857059492E-030
   7.4155596830065558E-030
   8.4897346759424684E-030
   9.5592836231271728E-030
   1.0604645499241351E-029
   1.1634006536730960E-029
   1.2653159690211690E-029
   1.3666907907043644E-029
   1.4677234480050125E-029
   6.3888639470295917E-003
   8.1819487759758562     
   21.690659508062240     
   38.499157133852471     
   58.667445695169334     
   79.792169050557035     
