   2.0361047033781969E-031
   4.0613727751103459E-031
   6.0861311166242803E-031
   8.1369699790233349E-031
   1.0218676194100459E-030
   1.2297542833349468E-030
   1.4338296667858968E-030
   1.6374729674744542E-030
   2.8603743094527308E-011
   11.381067273363742     
   26.650016872130116     
   46.789649018554648     
   71.492790100850414     
   98.554033186119682     
   127.47527191866257     
   157.90640800851691     
   189.77374125967808     
   222.96448741418632     
   257.38026543001899     
   292.93420349944319     
