   0.0000000000000000     
   0.0000000000000000     
   0.0000000000000000     
   0.0000000000000000     
   0.0000000000000000     
   0.0000000000000000     
   0.0000000000000000     
   0.0000000000000000     
   0.0000000000000000     
   0.0000000000000000     
   9.9972978101438539     
   23.672426582054776     
   42.020488248222890     
   62.583420174736609     
   86.986025581714344     
   112.99808152518835     
   140.30765436143179     
   168.85138513090550     
   198.55934851950678     
   229.34587916501167     
