   8.3133489864444490E-031
   1.6556967856811465E-030
   2.4798729664637984E-030
   3.3048662652188405E-030
   4.1305385401947565E-030
   4.9571194341101871E-030
   5.7851450376927691E-030
   6.6138833443971067E-030
   7.4432043115929203E-030
   8.2709434530218345E-030
   9.1021947776751127E-030
   9.9387236735784133E-030
   1.0781264709424233E-029
   1.1629777431234830E-029
   1.2484230253199953E-029
   1.3343840678787712E-029
   1.4207769760545340E-029
   1.5074862455449991E-029
   1.5943100379702664E-029
   1.6810231851698803E-029
