   3.9133826559568817E-031
   7.8055531467656011E-031
   1.1704173955299474E-030
   1.5610550027394068E-030
   1.9518643392050191E-030
   2.3449883677144593E-030
   2.7407876844221163E-030
   3.1374494398484973E-030
   3.5296700704955237E-030
   3.9073903276216341E-030
   4.2790284171975215E-030
   4.6492288849685489E-030
   4.6701307730502454E-026
   3.3338762840255778     
   17.410554628806175     
   35.964421797515371     
   59.988931286732893     
   85.426230407086720     
   112.25004392306778     
   140.39880046950245     
