   1.0912757620102393E-030
   2.1739188932663227E-030
   3.2589055761772634E-030
   4.3470124168681112E-030
   5.4382799041663797E-030
   6.5474484519413229E-030
   7.6756528975348457E-030
   8.8202497657837456E-030
   9.9758907924648312E-030
   1.1131451105312872E-029
   1.2284265895436952E-029
   1.3436880959923975E-029
   1.4590463776417703E-029
   1.5744524960553855E-029
   1.4921785923248264E-016
   4.4133049400479054     
   13.395591654455634     
   25.439758838894804     
   39.225578260082045     
   55.850088979316197     
