   1.3478246188020510E-030
   2.6877899444587924E-030
   4.0285972373072760E-030
   5.3708903476511230E-030
   6.7151115894245262E-030
   8.0587271822529273E-030
   9.4033186550261048E-030
   1.0753827482691768E-029
   1.2111902721894641E-029
   1.3475692670847424E-029
   1.4840382142798932E-029
   1.6194844875196077E-029
   1.7521865498688508E-029
   1.8826716617157864E-029
   2.0107564010070943E-029
   2.1731868544180031E-003
   5.8966934099175026     
   18.476567213328064     
   35.009265108114391     
   53.034845597087951     
