   7.4190341539122188E-031
   1.4803571474945429E-030
   2.2200059615332349E-030
   2.9594874697318986E-030
   3.6999513849335254E-030
   4.4449806819994941E-030
   5.1931749815124149E-030
   5.9402829840887923E-030
   6.6746414829486254E-030
   7.3966663866643494E-030
   8.1062862845337858E-030
   4.5599313237822257     
   14.852521217862149     
   28.441321281658862     
   45.858358987382836     
   64.512123989311576     
   85.586361029754883     
   107.89403391494901     
   131.37822661054133     
   155.94699891678070     
