   7.3092241248202547E-031
   1.4552429577334357E-030
   2.1802275609638185E-030
   2.9066708117816259E-030
   3.6349106733520497E-030
   4.3638435431679840E-030
   5.0938110043323586E-030
   5.8319948531672144E-030
   6.5794703374348605E-030
   7.3363064457035548E-030
   8.1016901338239234E-030
   8.8739533855345404E-030
   9.6500852163375893E-030
   1.0425131035237295E-029
   1.1197791786326946E-029
   1.1967532935325575E-029
   1.2733997962410665E-029
   1.3496461682737572E-029
   3.3015770992782048E-014
   2.2476341635891717     
