   2.3287478525341385E-031
   4.6383512167143043E-031
   6.9483250853349050E-031
   9.2601308740690481E-031
   1.1574279410120712E-030
   1.3891064329786638E-030
   1.6212000190156456E-030
   1.8534561103896648E-030
   2.0852900130453922E-030
   2.3177505027839668E-030
   2.5515275604541243E-030
   2.7869514714434844E-030
   3.0240611759918195E-030
   3.2627744932989845E-030
   3.5029220722635981E-030
   3.7441220211330053E-030
   3.9857595192581525E-030
   4.2271166615327813E-030
   4.4674951714627937E-030
   4.7061198654300533E-030
