   9.1444341803488139E-031
   1.8215794519971818E-030
   2.7290627676952531E-030
   3.6376280447550799E-030
   4.5481280597668432E-030
   5.4597750080204312E-030
   6.3705282477703461E-030
   7.2840337692968645E-030
   8.2048286608265106E-030
   9.1341275480927654E-030
   1.0071946203252070E-029
   1.1017605297893319E-029
   1.1969579018247415E-029
   1.2925702462783743E-029
   1.3881371826445071E-029
   1.4831507085359776E-029
   1.5777795305580137E-029
   1.6714154272461858E-029
   3.0233827126629041E-029
   1.7105114722499581     
