   9.8575221945684357E-031
   1.9625379856025039E-030
   2.9420526489259615E-030
   3.9246546211738027E-030
   4.9097975971214980E-030
   5.9140517534529113E-030
   6.9388461922919970E-030
   7.9824605214640719E-030
   9.0413559995516415E-030
   1.0108110326550975E-029
   1.1175462852901594E-029
   1.2246196214048160E-029
   1.3320770708618968E-029
   1.4401495332816080E-029
   1.5487902896674166E-029
   1.6579932521390509E-029
   3.3197127654335875E-006
   6.0331069451370158     
   15.010785982421710     
   26.916810679171306     
