   1.3274744711989406E-031
   2.6449367547808466E-031
   3.9623907562202620E-031
   5.2810659858909763E-031
   6.6020141835270737E-031
   7.9248149217828906E-031
   9.2480909246616328E-031
   1.0568186061084818E-030
   1.1895560574388905E-030
   1.3233231696676912E-030
   1.4581658878658391E-030
   1.5940421694840090E-030
   1.7308134041866558E-030
   1.8682613679407256E-030
   2.0059763552344369E-030
   2.1432928448540271E-030
   2.2796481058822300E-030
   2.4152268015144153E-030
   2.5497774006440639E-030
   2.6832782074406001E-030
