   1.2982227927425779E-031
   2.5871199983586220E-031
   3.8760067483049552E-031
   5.1659195173862878E-031
   6.4574811642121733E-031
   7.7508722322472795E-031
   9.0458254429994290E-031
   1.0338130887121874E-030
   1.1635734280352803E-030
   1.2942292592900960E-030
   1.4258627623134323E-030
   1.5584659088212010E-030
   1.6919283243703634E-030
   1.8260742094893445E-030
   1.9605950775065174E-030
   2.0949718686786235E-030
   2.2285264812865623E-030
   2.3613149492445898E-030
   2.4929790718592409E-030
   2.6234254705089541E-030
