   1.2833333981494050E-031
   2.5569231018163970E-031
   3.8318063533127290E-031
   5.1093023465755401E-031
   6.3885585834044189E-031
   7.6639581752846201E-031
   8.9483584303178981E-031
   1.0245800248102795E-030
   1.1556869141394398E-030
   1.2880556308379165E-030
   1.4214404111536208E-030
   1.5553943423215310E-030
   1.6890690796942007E-030
   1.8221607480188604E-030
   1.9546417072727250E-030
   2.0854209453582749E-030
   4.8827671308828230E-002
   4.8879830810713996     
   13.885375603856861     
   24.129533720179577     
