   2.2349459319630820E-031
   4.4519909931001034E-031
   6.6728186540449431E-031
   8.8996495246157557E-031
   1.1129308547229194E-030
   1.3367018373394023E-030
   1.5632944149549662E-030
   1.7929397102759365E-030
   2.0253867602215301E-030
   2.2601598408141219E-030
   2.4961923463420012E-030
   2.7316424529314338E-030
   2.9663978201957976E-030
   3.2006483274265457E-030
   3.4332488184008562E-030
   3.6636261913211613E-030
  0.21723628950860510     
   7.0055823294164696     
   16.053365073040201     
   27.182294652460932     
