   7.4790765051267671E-031
   1.4892391721801079E-030
   2.2307054531505597E-030
   2.9727868059417806E-030
   3.7156506897478007E-030
   4.4594557697164250E-030
   5.2046946022182227E-030
   5.9504406257606754E-030
   6.6947096933057402E-030
   7.4410901424273306E-030
   8.1921031061249626E-030
   8.9488966764882798E-030
   9.7115466804703830E-030
   1.0479889299685193E-029
   1.1253277172005634E-029
   1.2030455111809484E-029
   1.2809480890667558E-029
   1.3588154882061351E-029
   1.4364186164869278E-029
   1.5134968188234169E-029
