   1.2876414994505640E-031
   2.5653065166829271E-031
   3.8431776731553326E-031
   5.1219783367029032E-031
   6.4019706505016330E-031
   7.6834079878388523E-031
   8.9670356835806308E-031
   1.0251482198589306E-030
   1.1534146382151591E-030
   1.2819396603126977E-030
   1.4111281609333337E-030
   1.5411491316799040E-030
   1.6720299098351279E-030
   1.8037321362602827E-030
   1.9361519073768707E-030
   2.0690959603380517E-030
   2.2022698563364300E-030
   2.3352743937787874E-030
   2.4676995498248349E-030
   2.5991106302368483E-030
