   2.3373633049534275E-031
   4.6557456092812991E-031
   6.9778583759594210E-031
   9.3058452860839302E-031
   1.1634339347463394E-030
   1.3980805017421508E-030
   1.6360545461004638E-030
   1.8774508001230487E-030
   2.1218350492424370E-030
   2.3685171613697252E-030
   2.6157378287853749E-030
   2.8617568150899529E-030
   3.1072978114407702E-030
   3.3526331495148366E-030
   3.5981410895096068E-030
   3.8438842129694346E-030
   4.0900902866694118E-030
   2.2566087297069131E-013
   2.1364544108494736     
   10.583625084224021     
