   5.2298897645771636E-031
   1.0421353852147504E-030
   1.5627201522008370E-030
   2.0844146212395367E-030
   2.6095485005455735E-030
   3.1434161712649424E-030
   3.6857470680019474E-030
   4.2349537595495544E-030
   4.7870418541118849E-030
   5.3367544860765586E-030
   5.8866875244570210E-030
   6.4375988842327583E-030
   6.9905707350320238E-030
   7.5455825451288811E-030
   8.1027144608845377E-030
   8.6615100306141980E-030
   5.6546738226797362E-004
   6.8622446184781527     
   16.451091281323137     
   29.019728954054358     
