   5.2725881458294552E-031
   1.0501916304436827E-030
   1.5730289181866692E-030
   2.0964236345312696E-030
   2.6205453183913274E-030
   3.1454292056527790E-030
   3.6709898618920572E-030
   4.1964158481530792E-030
   4.7219820743995318E-030
   5.2509517557868272E-030
   5.7842010009895263E-030
   6.3219023792164931E-030
   6.8638047803269492E-030
   7.4094404399903407E-030
   7.9578813930435047E-030
   8.5074580355269420E-030
   9.0559855463489876E-030
   9.6013066471879856E-030
   1.0143366739895543E-029
   1.0681012929874188E-029
