   1.2690947570517590E-031
   2.5269325872886436E-031
   3.7856836673561261E-031
   5.0464750425329264E-031
   6.3090792446594910E-031
   7.5741979935726190E-031
   8.8354227400067490E-031
   1.0105645761101635E-030
   1.1389724480136130E-030
   1.2688254857540751E-030
   1.4000641580804664E-030
   1.5325221006572806E-030
   1.6659403836455673E-030
   1.7998009292762151E-030
   1.9333942764898552E-030
   2.0665452114866941E-030
   2.1989738348532192E-030
   2.3308426805251888E-030
   2.4618692468093177E-030
   8.8759101202317525E-017
