   1.0133170244741319E-030
   2.0173006762643521E-030
   3.0229364450330186E-030
   4.0314514583609122E-030
   5.0418105287039785E-030
   6.0521125716022943E-030
   7.0752031113452257E-030
   8.1132384713504551E-030
   9.1661202087150524E-030
   1.0232027281598616E-029
   1.1308340603302072E-029
   1.2389305959850125E-029
   1.3467170970780675E-029
   1.4543346717969019E-029
   1.5618316621551051E-029
   1.6692699953925707E-029
   1.7766820373292838E-029
   1.8841549767598261E-029
   7.9707181694490567E-008
   3.4032586246426613     
