   2.2520168660032331E-031
   4.4845200580907990E-031
   6.7169193568959503E-031
   8.9516328462430114E-031
   1.1189131498464681E-030
   1.3430581603458367E-030
   1.5674240931140602E-030
   1.7919442640322166E-030
   2.0158764347105349E-030
   2.2409821741646260E-030
   2.4678452067291431E-030
   2.6965812328068623E-030
   2.9271893306629917E-030
   3.1595244150234124E-030
   3.3933525347136769E-030
   3.6282693408889978E-030
   3.8636247615600943E-030
   4.0985973944487715E-030
   4.3326334486270605E-030
   4.5654138458172143E-030
