   2.2682256500512324E-031
   4.5183987118688685E-031
   6.7730464479397173E-031
   9.0332254067947218E-031
   1.1288935927181975E-030
   1.3569957754700830E-030
   1.5885224388850890E-030
   1.8233513401036259E-030
   2.0610779038953045E-030
   2.3007220816846835E-030
   2.5406161381278054E-030
   2.7796598834253068E-030
   3.0185487206808685E-030
   3.2562966574260182E-030
   5.2544517449065848E-030
   3.1901985859163773     
   11.055329488433046     
   21.512544682762407     
   33.246531524053971     
   47.518841285629634     
