   1.3196778175849327E-031
   2.6291824790351711E-031
   3.9415977262180441E-031
   5.2579119686034462E-031
   6.5778218843359744E-031
   7.9184376267488375E-031
   9.2812528656594442E-031
   1.0663303881252740E-030
   1.2058454212069080E-030
   1.3453562333729568E-030
   1.4844021451715177E-030
   1.6234206377931282E-030
   1.7625363330778646E-030
   1.9015799438876338E-030
   2.0406753925796613E-030
  0.76216268538140775     
   8.6992718052188316     
   19.194333664687445     
   32.156487279104205     
   48.030412053778761     
