   2.2511371732557906E-031
   4.4824314433950058E-031
   6.7140236649229978E-031
   8.9473973777102481E-031
   1.1182932524167400E-030
   1.3422166564245566E-030
   1.5663444690021829E-030
   1.7908819050226523E-030
   2.0153316306260825E-030
   2.2397571545808307E-030
   2.4655097596300370E-030
   2.6928714925673527E-030
   2.9220357868977440E-030
   3.1528652651625161E-030
   3.3852957547120322E-030
   3.6190510075492609E-030
   3.8537897319093826E-030
   4.0888164381448680E-030
   4.3234287973389995E-030
   4.5571562796438045E-030
