   1.3540823942183543E-031
   2.6976779818342584E-031
   4.0415680374737139E-031
   5.3871520964821688E-031
   6.7347435584308156E-031
   8.0849424281757570E-031
   9.4351596775322922E-031
   1.0786034703015233E-030
   1.2146367255441468E-030
   1.3518123109577857E-030
   1.4901631328735555E-030
   1.6295713258499314E-030
   1.7698296714975408E-030
   1.9105699181135301E-030
   2.0511263336776260E-030
   2.1906224467984300E-030
   2.3293188510164975E-030
   2.4657420830723260E-030
  0.70017359327341200     
   6.3026772530250925     
