   3.5781256739504273E-031
   7.1249517944882871E-031
   1.0679894435446896E-030
   1.4243763632497951E-030
   1.7803070297587478E-030
   2.1409685455710529E-030
   2.5078780052134926E-030
   2.8807096042082751E-030
   3.2586943576375939E-030
   3.6400812761006873E-030
   4.0218456362964070E-030
   4.4027580863322611E-030
   4.7836191815294172E-030
   5.1623384132722011E-030
   1.4909182976284903     
   9.1032571409512446     
   19.065495504783279     
   31.008754134661022     
   45.510104993252291     
   60.908555465903476     
