   9.3032575887260926E-031
   1.8524414370530285E-030
   2.7750684985733674E-030
   3.6989964232367874E-030
   4.6249350241350220E-030
   5.5523025861510856E-030
   6.4788428046144908E-030
   7.4095392652598443E-030
   8.3490139516033052E-030
   9.2984931457446203E-030
   1.0257930190346790E-029
   1.1226418808966257E-029
   1.2202230622305440E-029
   1.3182504075425182E-029
   1.4161889323387867E-029
   1.5135873411416729E-029
   1.6104950662919548E-029
   1.7064069112487511E-029
   3.5441108831920772E-005
   3.8191337287431351     
