   2.2982316347236787E-031
   4.5774241047601715E-031
   6.8602754830160172E-031
   9.1479597427225336E-031
   1.1440736085894530E-030
   1.3736673997183845E-030
   1.6059670359198529E-030
   1.8413109585863778E-030
   2.0796191953816425E-030
   2.3204051215060939E-030
   2.5627430638690097E-030
   2.8050047112370981E-030
   3.0460611372774100E-030
   3.2864903221794873E-030
   3.5254311257478257E-030
   3.7621479738402341E-030
   5.7175883264075439E-002
   6.6532884494475217     
   16.025639512386384     
   27.370344454026409     
