   1.2368519659628529E-031
   2.4620541590664916E-031
   3.6873466003007745E-031
   4.9137549094140792E-031
   6.1413939494898241E-031
   7.3710838389629547E-031
   8.6020968431938054E-031
   9.8355816656033916E-031
   1.1069100711646412E-030
   1.2301302715380244E-030
   1.3541014706687471E-030
   1.4790693258523373E-030
   1.6050813267347939E-030
   1.7321236177693736E-030
   1.8601189393623165E-030
   1.9889708822682996E-030
   2.1184565113425748E-030
   2.2482229777440542E-030
   2.3779107263689006E-030
   2.5072630410569376E-030
