   1.0921224716648206E-030
   2.1761375495940428E-030
   3.2618874544168205E-030
   4.3502940954053530E-030
   5.4395002813780974E-030
   6.5324390639834954E-030
   7.6374407422596605E-030
   8.7557161790457473E-030
   9.8859933268553776E-030
   1.1025419272521290E-029
   1.2167565531570229E-029
   1.3301754408210492E-029
   1.4431926253637692E-029
   1.5557988154681000E-029
   1.6679281434585755E-029
   1.7796226149947830E-029
   1.8910323294918672E-029
   8.8294763287862692E-004
   5.3286044558865093     
   14.913365233323882     
