   2.2972651421431869E-031
   4.5751614263506746E-031
   6.8551079557990021E-031
   9.1391830698753590E-031
   1.1428434655246157E-030
   1.3719635724796721E-030
   1.6015662206887443E-030
   1.8335287530085691E-030
   2.0682069562470176E-030
   2.3055851801615937E-030
   2.5453356276536446E-030
   2.7869459520814545E-030
   3.0293261098613304E-030
   3.2708941802416051E-030
   3.5113725001511517E-030
   3.7508317114082335E-030
   3.9880773774173238E-030
   5.1336982831974107E-028
   1.6916727532412985     
   9.3287262152621473     
