   2.4203416021675206E-031
   4.8207238655490902E-031
   7.2222828493016950E-031
   9.6268822916855572E-031
   1.2036616029968794E-030
   1.4449429776370178E-030
   1.6859874452534420E-030
   1.9279200080427657E-030
   2.1718932447363597E-030
   2.4181804075010879E-030
   2.6667848787080024E-030
   2.9174741653450614E-030
   3.1697576639219889E-030
   3.4228110172336910E-030
   3.6752075127653056E-030
   3.9258074659215301E-030
   4.1746041839169490E-030
   4.4204139880823994E-030
   9.0815238744482209E-005
   3.7882447398224226     
