   4.9096416242328236E-031
   9.7780630139540610E-031
   1.4648994322862470E-030
   1.9525645903466027E-030
   2.4413208119074254E-030
   2.9306415552714736E-030
   3.4187862692208523E-030
   3.9092613334756637E-030
   4.4042559114410360E-030
   4.9042673783768676E-030
   5.4092406736316643E-030
   5.9187660065510126E-030
   6.4320714287605894E-030
   6.9478912701496479E-030
   7.4637913095879722E-030
   7.9774866839282291E-030
   8.4898412501956701E-030
   8.9982111613528200E-030
   9.5003282102826812E-030
   4.0801246686665950E-004
