   1.3123172873532982E-031
   2.6141425387608756E-031
   3.9160898754926784E-031
   5.2191597138460954E-031
   6.5236719560304161E-031
   7.8296220124764877E-031
   9.1372674533758123E-031
   1.0446256128953870E-030
   1.1752144574451249E-030
   1.3062434623001839E-030
   1.4380785803937059E-030
   1.5708099085769000E-030
   1.7044730415495777E-030
   1.8389904196317590E-030
   1.9742594643805741E-030
   2.1100568378361760E-030
   2.2459930565603083E-030
   2.3815724206907391E-030
   2.5164253146092162E-030
   2.6502806830484384E-030
