   2.3297091547997569E-031
   4.6403919271076124E-031
   6.9531951216706448E-031
   9.2697046986163635E-031
   1.1590849947511993E-030
   1.3911976028515197E-030
   1.6240352781257763E-030
   1.8592327326233236E-030
   2.0971301756889397E-030
   2.3375753988017674E-030
   2.5802577161996459E-030
   2.8246105276381784E-030
   3.0694122248324645E-030
   3.3129974404491997E-030
   3.5554781957152725E-030
   3.7969839884300325E-030
   4.0378985777028117E-030
   4.2784839981447768E-030
   4.5189078025719669E-030
   4.7594123441073736E-030
