   1.2616099599720724E-031
   2.5116275792649704E-031
   3.7618714618613044E-031
   5.0131200776243160E-031
   6.2656656827629268E-031
   7.5203573538113186E-031
   8.7766137854712819E-031
   1.0034715761732900E-030
   1.1291620242777530E-030
   1.2549887693224953E-030
   1.3816004194902720E-030
   1.5091849598450452E-030
   1.6378256289592594E-030
   1.7674651749674183E-030
   1.8980433613126593E-030
   2.0293756477409877E-030
   2.1612437410573652E-030
   2.2932612944717752E-030
   2.4250104177277510E-030
   2.5562251716463586E-030
