   7.0947565593050957E-031
   1.4124502025493045E-030
   2.1160500894160283E-030
   2.8208094381685171E-030
   3.5269016603956056E-030
   4.2342264024938441E-030
   4.9412634258699928E-030
   5.6557398843857507E-030
   6.3793604012143643E-030
   7.1121527750528557E-030
   7.8533807837548314E-030
   8.6018008580770209E-030
   9.3556103689150043E-030
   1.0110893276684375E-029
   1.0864058429855816E-029
   1.1615239992677545E-029
   1.2363998935376698E-029
   1.3109079147395153E-029
   1.3838793561219306E-029
   2.1980921813455016E-002
