   1.2496065601100356E-031
   2.4874227418795228E-031
   3.7261342621685730E-031
   4.9667807034907458E-031
   6.2098357036566661E-031
   7.4559276501392088E-031
   8.7003272115548764E-031
   9.9523669468740824E-031
   1.1217845694756777E-030
   1.2498570100197579E-030
   1.3794267301344994E-030
   1.5103589530865282E-030
   1.6424004417890379E-030
   1.7751665212807324E-030
   1.9079432689917638E-030
   2.0402060730552387E-030
   2.1719334965000641E-030
   2.3031633316429483E-030
   2.4337054218972222E-030
   2.5634730190667857E-030
