   1.0308032592553670E-030
   2.0535097833948394E-030
   3.0800830197428019E-030
   4.1072868582630416E-030
   5.1559627154463916E-030
   6.2286692305407872E-030
   7.3224504834653141E-030
   8.4296702343586757E-030
   9.5384319156172675E-030
   1.0652076912514695E-029
   1.1772093313770195E-029
   1.2901207555661631E-029
   1.4036544007253686E-029
   1.5178114782709604E-029
   1.2169845371638361E-007
   6.9726135991120941     
   16.154696348899556     
   27.992613677874285     
   41.934822450235210     
   58.610488858967166     
