   2.2143491043149250E-031
   4.4093226386624270E-031
   6.6084401862472473E-031
   8.8131404407112427E-031
   1.1019986985328028E-030
   1.3234043221516617E-030
   1.5479222524221950E-030
   1.7757633931264716E-030
   2.0067361837425685E-030
   2.2403603643960319E-030
   2.4756496549229730E-030
   2.7110627824224258E-030
   2.9459625997966200E-030
   3.1806579361488469E-030
   3.4154399803008646E-030
   3.6505819741030505E-030
   3.8862034598539756E-030
   4.1223610242242035E-030
   9.4631892786746099E-012
   2.0507623122802876     
