   9.2199782010529801E-031
   1.8357688818949597E-030
   2.7511333368943768E-030
   3.6688839464936869E-030
   4.5872207776442634E-030
   5.5122294259446665E-030
   6.4515532021593406E-030
   7.4059530856454187E-030
   8.3740990870573207E-030
   9.3531837392572722E-030
   1.0337394735457796E-029
   1.1318568883021692E-029
   1.2298993925842975E-029
   1.3279529164279620E-029
   1.4261947393889678E-029
   1.5247240247378079E-029
   1.6236295019794052E-029
   3.9066381857852556E-012
   2.8043471546421093     
   11.700914020644445     
