   2.2777428288336549E-031
   4.5358133918686801E-031
   6.7987398041580981E-031
   9.0679267689404994E-031
   1.1334798841484202E-030
   1.3629622343492046E-030
   1.5963241447128136E-030
   1.8334057824071675E-030
   2.0737865260481416E-030
   2.3163996473110844E-030
   2.5594718066914612E-030
   2.8017835816273649E-030
   3.0440596251331111E-030
   3.2854704490182652E-030
   1.5035958919804012E-021
   4.1844166139284118     
   12.568000302612298     
   23.673446167338565     
   36.249065107464119     
   51.035730819021687     
