   1.0303174193828696E-030
   2.0531343603452536E-030
   3.0794464837821817E-030
   4.1056892317245857E-030
   5.1514516324866468E-030
   6.2186977433801574E-030
   7.3048280154385147E-030
   8.4024784008557846E-030
   9.5001796069869548E-030
   1.0601875262586923E-029
   1.1708658531839685E-029
   1.2822220994487151E-029
   1.3939755700110870E-029
   1.5061373367500423E-029
   1.0376481429980226E-012
   6.1798247067797920     
   14.868147710948323     
   25.820179884025222     
   39.231173822472329     
   54.883114459875955     
