   0.0000000000000000     
   0.0000000000000000     
   0.0000000000000000     
   0.0000000000000000     
   0.0000000000000000     
   0.0000000000000000     
   0.0000000000000000     
   0.0000000000000000     
   0.0000000000000000     
   0.0000000000000000     
   0.0000000000000000     
   0.0000000000000000     
   4.1388237761661922E-002
   7.9150569207575057     
   21.968605470290690     
   40.249948065421322     
   60.875642327233798     
   83.129270340298689     
   106.83516029401352     
   131.90204460691157     
