   52.078080605877503     
   103.74310442013018     
   155.45175267293081     
   207.24932470580444     
   259.15487135033584     
   311.09015803794307     
   363.12248680111935     
   415.64346728534366     
   468.72838930471352     
   522.37660440175159     
   576.51695454575031     
   631.03556693572773     
   685.69829115195796     
   740.14506640908712     
   794.32715982191098     
   848.30591953774842     
   902.07201460848557     
   955.67836867055939     
   1009.1327445633452     
   1062.5469148953512     
