   52.676492461299986     
   104.92968703048709     
   157.22944158277483     
   209.61471199114803     
   262.10514748043670     
   314.62684019129978     
   367.28080275486059     
   420.44946125804734     
   474.21302092843308     
   528.54171020145213     
   583.36868370178195     
   638.57387018184079     
   693.88597057718459     
   748.93192993238438     
   803.71547489657121     
   858.22026773077687     
   912.30367839938936     
   965.92654804688527     
   1019.0992630379061     
   1067.6367581858390     
