   52.483190216669506     
   104.51134343788742     
   156.52995957799436     
   208.60392910266887     
   260.73659766547001     
   312.95409778560617     
   365.25746585709146     
   417.55165525002724     
   469.76674115779747     
   522.31090340177423     
   575.28379135858268     
   628.71185322328529     
   682.58280628061402     
   736.85711776046514     
   791.45634508164460     
   846.25007282422871     
   901.07658609610996     
   955.75549616112346     
   1010.1161622468363     
   1064.2001500303106     
