   52.440547228938797     
   104.45677243442937     
   156.50693079854599     
   208.63819032968857     
   260.84620111124758     
   313.12604652673230     
   365.26263292011328     
   417.74946456001584     
   470.73698043954329     
   524.25986939915799     
   578.28413915264389     
   632.74317586148845     
   687.51784495853735     
   742.37431109918953     
   797.01686838387536     
   851.45374533974484     
   905.53441351679612     
   959.26027985475014     
   1012.5585966963569     
   1065.4480038666181     
