   52.589828880392858     
   104.78135212356641     
   156.96412302265983     
   209.19622165032845     
   261.48041613348596     
   313.83380239677587     
   366.26727966556541     
   418.69917825520184     
   471.06662173371421     
   523.70496447192158     
   576.70835143441798     
   630.09167340352940     
   683.84853376367562     
   737.93791636152935     
   792.29146295675116     
   846.78156209839722     
   901.22392383621479     
   955.44712321498889     
   1009.3020079737832     
   1062.7653830255058     
