   52.436463370090635     
   104.44855797479514     
   156.49459065407788     
   208.62170476196559     
   260.82567813125371     
   313.10130240532220     
   365.23348095776214     
   417.71629706553961     
   470.70014131294431     
   524.21974418527714     
   578.24101014453640     
   632.69735563609913     
   687.46953020151909     
   742.32365803735513     
   796.96403308010451     
   851.39898263538123     
   905.47793342824878     
   959.20223919395278     
   1012.4992269524505     
   1065.3875118529959     
