   52.445433353033067     
   104.46229160223146     
   156.48802864920583     
   208.55584117391297     
   260.66405412129023     
   312.83961250298353     
   365.09283122002893     
   417.37634207356939     
   469.49479757996579     
   521.77118224643561     
   574.34017944557843     
   627.26479885183301     
   680.56247806277645     
   734.21335553243955     
   788.18156405007880     
   842.37974130004818     
   896.67860133842430     
   950.93702504786688     
   1005.0012084090657     
   1058.7082978377109     
