   52.676492461299986     
   104.92968787983621     
   157.22944404262410     
   209.61471655317709     
   262.10515463662290     
   314.62684934726326     
   367.28081837769071     
   420.44948739559425     
   474.21305834360248     
   528.54175706463991     
   583.36873610109399     
   638.57392263843008     
   693.88601644142125     
   748.93196202593026     
   803.71548632498104     
   858.22025185012706     
   912.30362930809019     
   965.92646082941644     
   1019.0991331940960     
   1067.6365956391965     
