   52.473369599692738     
   104.49164390742204     
   156.50035999588201     
   208.56443023182212     
   260.68716310871713     
   312.89449151889011     
   365.18770864461811     
   417.47134797932210     
   469.67573822780116     
   522.20993522567312     
   575.17360056883422     
   628.59305489077110     
   682.45623715512750     
   736.72330809141147     
   791.31589094248011     
   846.10347092279892     
   900.92429321642533     
   955.59795730122391     
   1009.9538677902323     
   1064.0334684029376     
