   52.093782018203335     
   103.77470567667586     
   155.49926664905010     
   207.31294032741485     
   259.23484267589947     
   311.18695403730828     
   363.23594271568930     
   415.77228476035987     
   468.87087725679208     
   522.53160161062601     
   576.68321126089984     
   631.21191788153021     
   685.88394310983142     
   740.33938010445308     
   794.52914221479602     
   848.51443813231094     
   902.28619686770571     
   955.89757743564508     
   1009.3558603913035     
   1062.7731490409581     
