   52.667957811327220     
   104.92378421068520     
   157.18796587846694     
   209.49150484927645     
   261.84182965967557     
   314.24993556188633     
   366.74552385022980     
   419.27024617650898     
   471.68563220051323     
   524.23475032110730     
   577.05905037575235     
   630.22502383001051     
   683.74600741094355     
   737.60652496665216     
   791.76579945431922     
   846.14011252086323     
   900.60245859805082     
   954.99531151371571     
   1009.1573509927094     
   1062.9192536565049     
