   52.440949199768646     
   104.46641631967566     
   156.48308333248619     
   208.54869288071333     
   260.66608780435666     
   312.86254034537853     
   365.13147573429205     
   417.38187302832307     
   469.55620512018919     
   522.02180245362661     
   574.86975230469091     
   628.11331554684341     
   681.74642443875655     
   735.73235211520989     
   789.99849587543406     
   844.41346117582418     
   898.81715009833147     
   953.03932705695729     
   1006.9157831962449     
   1060.3541529966158     
