   52.492991422289379     
   104.53100070035715     
   156.55949034384889     
   208.64332844816641     
   260.78589574060959     
   313.01352822891869     
   365.32699924287368     
   417.63168602428510     
   469.85739813689815     
   522.41144112940810     
   575.39347064425897     
   628.83006835122887     
   682.70873826774584     
   736.99026408887812     
   791.59614420452476     
   846.39604701553958     
   901.22829070326691     
   955.91250159816343     
   1010.2779858082231     
   1064.3664246054923     
