   52.463518523331203     
   104.47188219653283     
   156.47066425631769     
   208.52479797941180     
   260.63755289779436     
   312.83466444052419     
   365.11767426626352     
   417.39070287833391     
   469.58431799094552     
   522.10845457150776     
   575.06281304275115     
   628.47358734436330     
   682.32894322783227     
   736.58874065477289     
   791.17467641787425     
   845.95614197995337     
   900.77133978572715     
   955.43984415447153     
   1009.7910946028369     
   1063.8664024491395     
