   52.483190216669506     
   104.51135796608482     
   156.53000147949496     
   208.60400954360063     
   260.73672690501144     
   312.95428468392134     
   365.25771883054279     
   417.55197536179020     
   469.76716928450918     
   522.31151449773927     
   575.28461369558181     
   628.71288182494482     
   682.58400971796266     
   736.85844555856681     
   791.45773263013473     
   846.25144716004502     
   901.07787623576303     
   955.75662562824471     
   1010.1170644504813     
   1064.0939525626309     
