   52.703591755456813     
   105.00281143623387     
   157.34670591982029     
   209.77217952937997     
   262.29832294082109     
   314.86167151503679     
   367.54668759371259     
   420.71522367201135     
   474.44246399441300     
   528.69852073769277     
   583.42058218454395     
   638.49262870265284     
   693.63951211077631     
   748.48519565472679     
   803.04361233005625     
   857.28745732675316     
   911.04745784932641     
   964.25888640217397     
   1016.9455307848477     
   1065.1506328864402     
