   52.197554044677965     
   103.96175863446949     
   155.71851925208043     
   207.53088497652530     
   259.40215992660927     
   311.35726623130000     
   363.40274857487429     
   415.46799032249010     
   467.45244236574018     
   519.71988506126070     
   572.39127562503381     
   625.49718190622025     
   679.01811760347721     
   732.92115796306859     
   787.13349731512767     
   841.55051473745414     
   896.00687794233124     
   950.30059473565973     
   1004.2512355774356     
   1057.8319941259683     
