   52.202879539750782     
   103.96019894610302     
   155.71462337192324     
   207.51905863863254     
   259.40285967952798     
   311.37023967099964     
   363.42578841843715     
   415.38541755903105     
   467.56964781129869     
   520.18033233269193     
   573.28028411451680     
   626.86876164593002     
   680.92332039176404     
   735.36496978668504     
   790.08584284635606     
   844.90291404091226     
   899.59663821500885     
   953.98612326775140     
   1008.1076172978304     
   1061.8059625668570     
