   52.467766762447503     
   104.48416856260296     
   156.50119912486869     
   208.57904567063616     
   260.76114976896662     
   313.02817273780880     
   365.32488989437661     
   417.49389405056553     
   470.03063508866035     
   523.06432896260924     
   576.61544162422103     
   630.66856630541861     
   685.17383872438575     
   740.03245132878374     
   795.09729110245348     
   850.11100514019813     
   904.85429884697521     
   959.38668668562980     
   1013.5931349074556     
   1067.4716332448036     
