   52.681189281590555     
   104.95018143363730     
   157.24958393563543     
   209.63027043406606     
   262.08797129118238     
   314.59742485060917     
   366.95004982520823     
   419.66072822256081     
   472.85735434814626     
   526.56760925201934     
   580.75668202278621     
   635.36094609848863     
   690.24806861641173     
   745.17479647376513     
   799.84042163474874     
   854.30535341772043     
   908.40633894885127     
   962.12093665614441     
   1015.3872529934461     
   1068.2220452152635     
