   52.189274803094982     
   103.93253175351840     
   155.68555447564262     
   207.47771401662618     
   259.32122638027556     
   311.23909486642742     
   363.24518720153389     
   415.29405142980283     
   467.27896539969151     
   519.35261801683589     
   571.73035684620811     
   624.49099720909317     
   677.64263944142874     
   731.18452115944865     
   785.06033228538695     
   839.20314726404285     
   893.50510190756586     
   947.81107398724396     
   1001.9583773673847     
   1055.7701198881839     
