   52.667957811327220     
   104.92762075750838     
   157.22258377347569     
   209.59053753438261     
   262.04936262607731     
   314.57631456791222     
   366.99473701755085     
   419.74343761391140     
   472.97376941815816     
   526.71128632137027     
   580.92676196980756     
   635.55297574814358     
   690.46766818168987     
   745.42857136718692     
   800.10776367975848     
   854.54304248720541     
   908.58405232050916     
   962.16762172621407     
   1015.2467036754432     
   1067.8115126966306     
