   52.472909958570078     
   104.49976526008635     
   156.52451682570501     
   208.59725168901400     
   260.74410619035956     
   312.97174194432756     
   365.27740777509774     
   417.40771672704358     
   469.80337592764761     
   522.64907349436430     
   575.98961762828355     
   629.81768003274237     
   684.10372457435983     
   738.76328730805221     
   793.67223575072592     
   848.65077456064239     
   903.48606192112914     
   958.04216038066102     
   1012.3310785843228     
   1066.2166586174455     
