   52.093411950457579     
   103.77398054353509     
   155.49816922537124     
   207.31145194866576     
   259.23292363634431     
   311.18449757969063     
   363.23272642151414     
   415.76830397508814     
   468.86618502694773     
   522.52626292990601     
   576.67730293456941     
   631.20551833604122     
   685.87711982016060     
   740.33219393210322     
   794.52165260771369     
   848.50671353076825     
   902.27828365707887     
   955.88951755092501     
   1009.3477080464409     
   1062.7649593405945     
