   52.700096432715540     
   105.00482283100307     
   157.30102855834301     
   209.64763611577226     
   262.04942996986432     
   314.51786426706610     
   367.07020456380229     
   419.64295281487006     
   472.15296922976341     
   524.92750547983758     
   578.06166803633369     
   631.57711525511093     
   685.46571465890838     
   739.68172994994086     
   794.16067969622338     
   848.77671946374255     
   903.34292055617402     
   957.67123018935365     
   1011.6199168085278     
   1065.0522608785284     
