   52.676492461299986     
   104.92927148378902     
   157.22005245760656     
   209.58443860958485     
   262.04577525669737     
   314.58281365880578     
   367.01901900558340     
   419.79882862731034     
   473.08907130673555     
   526.90894913870693     
   581.23461943252300     
   635.99604539220809     
   691.06958973448479     
   746.21380460585408     
   801.09892105128267     
   855.74014186690329     
   910.00260666295162     
   963.84153121000566     
   1017.2198134789385     
   1070.1260483920676     
