   52.436463370090635     
   104.45742145246119     
   156.46956872172774     
   208.53065646169895     
   260.64349599418750     
   312.83528282466017     
   365.09954615540084     
   417.34501470675548     
   469.51427086884291     
   521.97509185748902     
   574.81862703519118     
   628.05808536684435     
   681.68744900534307     
   735.66993281745408     
   789.93292967950151     
   844.34500301760556     
   898.74597064595446     
   952.96566211602749     
   1006.8399021354433     
   1060.2761471094389     
