   52.700096432715540     
   104.99180676372151     
   157.29194671624978     
   209.63014577865562     
   262.01714256562735     
   314.46322324954036     
   366.99895348224254     
   419.56820245768949     
   472.06433224361496     
   524.66675444863415     
   577.54103703005387     
   630.75638141212880     
   684.32396222242267     
   738.22803046490901     
   792.42618336925625     
   846.83927170098639     
   901.34683825897423     
   955.78542999766773     
   1009.9874566074711     
   1063.7750749595364     
