   52.700096432715540     
   105.01149418838519     
   157.32173737013380     
   209.67510521736602     
   262.09592258530813     
   314.58661622273513     
   367.15469298473977     
   419.62840672925785     
   472.30618111373593     
   525.35185450105337     
   578.80793623286695     
   632.67026086294425     
   686.90272924422027     
   741.44330974535148     
   796.16785313606010     
   850.87680216905176     
   905.32164471041540     
   959.43416114896161     
   1013.1159158009335     
   1066.2154773255443     
