   52.185080097202189     
   103.92816710776944     
   155.71079975404123     
   207.56887835695591     
   259.51433719052511     
   311.56240230930655     
   363.50551822143552     
   415.78774133652360     
   468.61352780086287     
   521.99826011006542     
   575.92450513824792     
   630.31924671037734     
   685.08022051024761     
   739.97988460465672     
   794.68874753317561     
   849.17916248592178     
   903.32200493706966     
   957.12167530884608     
   1010.5035872192689     
   1063.4841882510098     
