   52.700096432715540     
   104.99180549207442     
   157.29194302462491     
   209.63013863895233     
   262.01713131730281     
   314.46320712009418     
   366.99893217119347     
   419.56817534512675     
   472.06430146586553     
   524.66671136148909     
   577.54097632388880     
   630.75630151899736     
   684.32386491114880     
   738.22791994799104     
   792.42606577754839     
   846.83915496364716     
   901.34673115832493     
   955.78534196720432     
   1009.9873977540663     
   1063.7750543549027     
