   52.672660844841445     
   104.92155961654453     
   157.20846681318335     
   209.56895334296993     
   262.02651085102406     
   314.55956648451877     
   366.99173431061485     
   419.76779229742971     
   473.05457599404536     
   526.87136437524612     
   581.19422794744287     
   635.95314525094489     
   691.02437891407476     
   746.16643250526761     
   801.04952616518005     
   855.68890356475890     
   909.94979082064197     
   963.78725799039898     
   1017.1642987071878     
   1070.0694723103293     
