   52.082183239443971     
   103.75135227643572     
   155.46415661648774     
   207.26594027366986     
   259.17577931301679     
   311.11552510817199     
   363.15238014367060     
   415.67756475245238     
   468.76623957928138     
   522.41788527240840     
   576.56131479706119     
   631.08267280205450     
   685.74790487919199     
   740.19699216001879     
   794.38111389119990     
   848.36158037994460     
   902.12913233324718     
   955.73675659722744     
   1009.1920917229436     
   1062.6069951173054     
