   52.667957811327220     
   104.94279275489581     
   157.21060479640920     
   209.52895555719076     
   261.92016339342803     
   314.39286640860837     
   366.91284924596818     
   419.36274660363040     
   471.89660494325432     
   524.74792708420387     
   577.98451454406165     
   631.62521939239821     
   685.64157350391895     
   739.98440019847101     
   794.56720897526395     
   849.22694160502726     
   903.73185457675504     
   957.88432700809756     
   1011.7367838410379     
   1065.2319918570345     
