   52.202879539750782     
   103.94942526218603     
   155.68809793223906     
   207.48531445074269     
   259.34451173076468     
   311.29243921968686     
   363.33499502990560     
   415.39710878815714     
   467.37364300862964     
   519.65606539645466     
   572.37255294954150     
   625.55460659634707     
   679.17755010370058     
   733.21532304604318     
   787.58881274930741     
   842.19095877264283     
   896.85006144526051     
   951.36975692958470     
   1005.5713851314979     
   1059.4929394372332     
