   52.445433353033067     
   104.46229184443813     
   156.48802935029147     
   208.55584252731302     
   260.66405625230067     
   312.83961557403143     
   365.09283528083131     
   417.37634729001820     
   469.49480359758985     
   521.77119103478674     
   574.34019224397866     
   627.26481603553611     
   680.56249925193481     
   734.21337978613451     
   788.18159003881078     
   842.37976745582216     
   896.67862569307283     
   950.93704553700559     
   1005.0012229809338     
   1058.7083042968675     
