   52.440547228938797     
   104.47220159904025     
   156.49614260082103     
   208.57500144744219     
   260.72528608340406     
   312.95044299077796     
   365.21996300808411     
   417.39059198288311     
   469.64805410609966     
   522.23960478735842     
   575.23635211027624     
   628.65414703943770     
   682.46628974928228     
   736.62347535479330     
   791.04060259842470     
   845.55854357628562     
   899.95846305306407     
   954.06062501900226     
   1007.8832422747699     
   1061.4472584410805     
