   52.658697418100694     
   104.91837331318041     
   157.16918748824571     
   209.46975763806026     
   261.82335003905052     
   314.24466870283743     
   366.74742942161254     
   419.25195936869949     
   471.69394743192663     
   524.40845900109400     
   577.49007197833976     
   630.95321251881433     
   684.79217626676700     
   738.96474943613737     
   793.40210834023867     
   847.97560016024727     
   902.49736359541953     
   956.79342858879590     
   1010.7232544178339     
   1064.1412124366359     
