   52.440547228938797     
   104.47220220906419     
   156.49614437861021     
   208.57500486708412     
   260.72529153585037     
   312.95045069446496     
   365.21997325591116     
   417.39060400793937     
   469.64807198871637     
   522.23963172365757     
   575.23638912138517     
   628.65419330404700     
   682.46634306433384     
   736.62353231594022     
   791.04065901801698     
   845.55859509526067     
   899.95850469479058     
   954.06065149986114     
   1007.8832501090860     
   1061.4472430066207     
