3.187317e-01
7.880446e-01
8.439079e-01
9.434226e-01
1.096895e+00
1.151233e+00
1.178278e+00
1.212848e+00
1.268442e+00
1.293665e+00
1.295423e+00
1.319625e+00
1.369134e+00
1.376677e+00
1.511602e+00
1.528684e+00
1.549937e+00
1.573807e+00
1.578560e+00
1.807765e+00
1.808211e+00
1.823781e+00
1.891130e+00
1.906639e+00
1.916444e+00
2.027832e+00
2.046165e+00
2.137854e+00
2.160539e+00
2.181724e+00
2.295606e+00
2.465925e+00
2.476190e+00
2.503568e+00
2.548479e+00
2.595714e+00
2.709724e+00
2.742237e+00
2.745927e+00
2.781087e+00
2.915701e+00
2.968097e+00
2.996228e+00
3.070014e+00
3.157418e+00
3.216872e+00
3.411799e+00
3.444551e+00
3.474924e+00
3.644246e+00
3.684697e+00
3.755304e+00
3.793742e+00
4.096467e+00
4.177451e+00
4.386070e+00
4.448665e+00
4.462913e+00
4.475182e+00
4.612386e+00
4.636258e+00
4.642391e+00
4.653607e+00
4.845628e+00
4.877971e+00
5.026973e+00
5.222419e+00
5.226332e+00
5.281009e+00
5.440123e+00
5.633247e+00
5.710039e+00
5.718972e+00
5.722381e+00
5.763088e+00
5.833777e+00
5.837946e+00
5.851027e+00
5.853980e+00
5.886375e+00
5.968808e+00
6.051175e+00
6.185705e+00
6.321151e+00
6.361579e+00
6.397669e+00
6.498774e+00
6.514062e+00
6.518810e+00
6.603227e+00
6.609781e+00
6.611535e+00
6.715531e+00
6.883076e+00
7.090657e+00
7.125373e+00
7.129703e+00
7.183020e+00
7.281942e+00
7.313117e+00
