   2.2933736773706565E-031
   4.5685834515905463E-031
   6.8457129026771059E-031
   9.1267691073724922E-031
   1.1412593962751359E-030
   1.3699756130563480E-030
   1.5991163500915026E-030
   1.8303981998928542E-030
   2.0641498806298518E-030
   2.3003725449442214E-030
   2.5387524564762219E-030
   2.7787891061205390E-030
   3.0194542590497522E-030
   3.2591616765286986E-030
   3.4976916202622278E-030
   3.7353110071448862E-030
   3.9719816487379300E-030
   4.2079482145383384E-030
   4.4432780169337839E-030
   4.6785447981591208E-030
