   2.2930642107520075E-031
   4.5679585301506058E-031
   6.8447739607475989E-031
   9.1255140280657576E-031
   1.1411021348790874E-030
   1.3697866364272195E-030
   1.5988981615642073E-030
   1.8301535502643360E-030
   2.0638818508918224E-030
   2.3000830559327478E-030
   2.5384434930211005E-030
   2.7784624809580956E-030
   3.0191110545121608E-030
   3.2588026845154275E-030
   3.4973184527126168E-030
   3.7349255554466326E-030
   3.9715854280457943E-030
   4.2075423141785630E-030
   4.4428644791354036E-030
   4.6781249641426090E-030
