   2.2930479796467483E-031
   4.5679266459765544E-031
   6.8447255963414974E-031
   9.1254483152650473E-031
   1.1410936502952880E-030
   1.3697757687962308E-030
   1.5988839049873567E-030
   1.8301358479049851E-030
   2.0638609254073907E-030
   2.3000592075151073E-030
   2.5384170856147658E-030
   2.7784338935453207E-030
   3.0190806295206591E-030
   3.2587707318309852E-030
   3.4972852760751032E-030
   3.7348915081082152E-030
   3.9715507602019415E-030
   4.2075072519969573E-030
   4.4428292959588487E-030
   4.6780899407421057E-030
