   2.2931935003518913E-031
   4.5682213239625624E-031
   6.8451684548266531E-031
   9.1260400272333892E-031
   1.1411676802176543E-030
   1.3698643612406610E-030
   1.5989853375779945E-030
   1.8302488536533028E-030
   2.0639841292899043E-030
   2.3001917865408945E-030
   2.5385581569542400E-030
   2.7785826287919008E-030
   3.0192365082862065E-030
   3.2589333446815935E-030
   3.4974538198979557E-030
   3.7350650756520382E-030
   3.9717285913535077E-030
   4.2076887957152734E-030
   4.4430135624318212E-030
   4.6782762911804888E-030
