   2.2927196965353943E-031
   4.5672650165795708E-031
   6.8437311747884686E-031
   9.1241179196838553E-031
   1.1409266475932410E-030
   1.3695742794970524E-030
   1.5986493325962080E-030
   1.8298710167794620E-030
   2.0635692624684527E-030
   2.2997429626250958E-030
   2.5380786356852685E-030
   2.7780754274875483E-030
   3.0187035504168816E-030
   3.2583761264544481E-030
   3.4968750128333643E-030
   3.7344677396603782E-030
   3.9711151696900660E-030
   4.2070610743639301E-030
   4.4423747821999740E-030
   4.6776286420618572E-030
