   2.2928997680065585E-031
   4.5676269107890007E-031
   6.8442752022251869E-031
   9.1248463739964762E-031
   1.1410182791761919E-030
   1.3696854127566552E-030
   1.5987801565253860E-030
   1.8300200645611114E-030
   2.0637345769194113E-030
   2.2999231767678725E-030
   2.5382723037919858E-030
   2.7782812129126771E-030
   3.0189205790879770E-030
   3.2586037131026382E-030
   3.4971120731486775E-030
   3.7347130073766057E-030
   3.9713676919751605E-030
   4.2073201424262095E-030
   4.4426391127287239E-030
   4.6778972968687906E-030
