   2.2928842282502221E-031
   4.5675965276131150E-031
   6.8442293650092787E-031
   9.1247843972622418E-031
   1.1410103132063728E-030
   1.3696752392919352E-030
   1.5987668815517999E-030
   1.8300037034628232E-030
   2.0637153519428622E-030
   2.2999013334502029E-030
   2.5382481162958308E-030
   2.7782549479646417E-030
   3.0188924473584292E-030
   3.2585738915918559E-030
   3.4970807438394928E-030
   3.7346803964200395E-030
   3.9713339445966493E-030
   4.2072853842516659E-030
   4.4426035281093425E-030
   4.6778610729840667E-030
