   7.3744799224781085E-031
   1.4687038671797675E-030
   2.2006104442116403E-030
   2.9338602636853354E-030
   3.6687477278095078E-030
   4.4040919629023725E-030
   5.1408798975647999E-030
   5.8851365720412534E-030
   6.6379851041516828E-030
   7.3994543046834635E-030
   8.1685181731967053E-030
   8.9435585752673702E-030
   9.7211228623388275E-030
   1.0496356901477808E-029
   1.1268343122037044E-029
   1.2037341610151121E-029
   1.2801195656746202E-029
   1.3559308879616957E-029
   4.1130219542690432E-010
   2.8667663646558559     
