   2.2921790439159564E-031
   4.5661781945459936E-031
   6.8420969817742445E-031
   9.1219292314697689E-031
   1.1406512827813497E-030
   1.3692402483598510E-030
   1.5982559001025899E-030
   1.8294225157484953E-030
   2.0630716142637586E-030
   2.2992003456212209E-030
   2.5374955566996275E-030
   2.7774561010138830E-030
   3.0180508934516618E-030
   3.2576924890234111E-030
   3.4961639298522772E-030
   3.7337332641963173E-030
   3.9703603858797880E-030
   4.2062882506254172E-030
   4.4415878463326036E-030
   4.6768304600804051E-030
