   7.3744799224781085E-031
   1.4687038617258699E-030
   2.2006104282105543E-030
   2.9338602340761886E-030
   3.6687476825925393E-030
   4.4040919033439466E-030
   5.1408797979142797E-030
   5.8851363993514314E-030
   6.6379848502991147E-030
   7.3994539811475711E-030
   8.1685178075095084E-030
   8.9435582061523815E-030
   9.7211225370286754E-030
   1.0496356674239923E-029
   1.1268343043968547E-029
   1.2037341730579874E-029
   1.2801196016539633E-029
   1.3559309520960436E-029
   4.1132661556245979E-010
   2.8667767471189762     
