   2.2927196965353943E-031
   4.5672650362298618E-031
   6.8437312326347260E-031
   9.1241180257443052E-031
   1.1409266638175475E-030
   1.3695743008204738E-030
   1.5986493685427348E-030
   1.8298710792384266E-030
   2.0635693539158656E-030
   2.2997430782411005E-030
   2.5380787649401564E-030
   2.7780755560641247E-030
   3.0187036610548366E-030
   3.2583762001582372E-030
   3.4968750319408199E-030
   3.7344676880639732E-030
   3.9711150344972477E-030
   4.2070608426711415E-030
   4.4423744424321471E-030
   4.6776281824114992E-030
