   2.2930310073281495E-031
   4.5678934526135193E-031
   6.8446754003145473E-031
   9.1253802310071612E-031
   1.1410848646897303E-030
   1.3697645053991564E-030
   1.5988691666429645E-030
   1.8301176565416165E-030
   2.0638395394147122E-030
   2.3000349210997713E-030
   2.5383902268973470E-030
   2.7784047823128129E-030
   3.0190495312714218E-030
   3.2587378692261706E-030
   3.4972508707418265E-030
   3.7348558356776188E-030
   3.9715139988751136E-030
   4.2074695621993175E-030
   4.4427908920074616E-030
   4.6780510435036644E-030
