   2.2928508304880026E-031
   4.5675312782644028E-031
   6.8441308291219193E-031
   9.1246509246342961E-031
   1.1409931124402646E-030
   1.3696532081658215E-030
   1.5987380888850199E-030
   1.8299682187825341E-030
   2.0636736869737111E-030
   2.2998540457691136E-030
   2.5381958214036734E-030
   2.7781982439443440E-030
   3.0188318088617052E-030
   3.2585097200074224E-030
   3.4970134408915105E-030
   3.7346104551400605E-030
   3.9712616728155743E-030
   4.2072110520794486E-030
   4.4425275251343961E-030
   4.6777837991917077E-030
