   2.2931935003518913E-031
   4.5682211403036230E-031
   6.8451679144059546E-031
   9.1260389984092720E-031
   1.1411675162643926E-030
   1.3698641284895379E-030
   1.5989849816421964E-030
   1.8302483138644701E-030
   2.0639833911597280E-030
   2.3001908720315867E-030
   2.5385571152856596E-030
   2.7785815284328082E-030
   3.0192354339971834E-030
   3.2589323869860555E-030
   3.4974530631642734E-030
   3.7350646039436561E-030
   3.9717284751152052E-030
   4.2076891058404593E-030
   4.4430143638473063E-030
   4.6782776524394924E-030
