   2.2926878459053868E-031
   4.5672027431070576E-031
   6.8436371742231528E-031
   9.1239907362151132E-031
   1.1409102857386357E-030
   1.3695533634949544E-030
   1.5986220109302713E-030
   1.8298373135783654E-030
   2.0635296445262764E-030
   2.2996979552473366E-030
   2.5380288318444277E-030
   2.7780214087396733E-030
   3.0186457928399801E-030
   3.2583150378648209E-030
   3.4968110084163567E-030
   3.7344013188758406E-030
   3.9710466442247702E-030
   4.2069907105991567E-030
   4.4423029637756614E-030
   4.6775557598408786E-030
