   2.2933910987357379E-031
   4.5686174043809485E-031
   6.8457641115899718E-031
   9.1268384394382476E-031
   1.1412683340825580E-030
   1.3699870695730712E-030
   1.5991313185503364E-030
   1.8304166155374678E-030
   2.0641714672873444E-030
   2.3003970077038632E-030
   2.5387794873746627E-030
   2.7788184164709297E-030
   3.0194856316181510E-030
   3.2591949407463867E-030
   3.4977265959004468E-030
   3.7353474533687714E-030
   3.9720194194083774E-030
   4.2079871833939668E-030
   4.4433179977817170E-030
   4.6785855992218870E-030
