   2.2925541875961477E-031
   4.5669315327223206E-031
   6.8432298544224353E-031
   9.1234469915514531E-031
   1.1408423795055438E-030
   1.3694725172531474E-030
   1.5985306917094195E-030
   1.8297369374348994E-030
   2.0634215043257517E-030
   2.2995826865077655E-030
   2.5379070723073416E-030
   2.7778937045526951E-030
   3.0185124102874691E-030
   3.2581761529897940E-030
   3.4966671825000774E-030
   3.7342531669804754E-030
   3.9708947092231463E-030
   4.2068353407132103E-030
   4.4421449042957135E-030
   4.6773954050669962E-030
