   2.2922065163983685E-031
   4.5662319387941825E-031
   6.8421778338787126E-031
   9.1220381082277568E-031
   1.1406652053494488E-030
   1.3692579439012216E-030
   1.5982789262131297E-030
   1.8294508569919089E-030
   2.0631048891872265E-030
   2.2992381512898464E-030
   2.5375374525653336E-030
   2.7775016527408403E-030
   3.0180997701526612E-030
   3.2577444197110008E-030
   3.4962186250538669E-030
   3.7337903618260893E-030
   3.9704196505534612E-030
   4.2063494980350362E-030
   4.4416507822217377E-030
   4.6768947948114986E-030
