   2.2921932486716782E-031
   4.5662059898740218E-031
   6.8421388483509022E-031
   9.1219856778529890E-031
   1.1406585107681825E-030
   1.3692494432830278E-030
   1.5982678828359317E-030
   1.8294372937392774E-030
   2.0630889890916029E-030
   2.2992200956377794E-030
   2.5375174335218652E-030
   2.7774798533622051E-030
   3.0180763178980325E-030
   3.2577194111089982E-030
   3.4961921690615189E-030
   3.7337626044614444E-030
   3.9703906830499078E-030
   4.2063193872152664E-030
   4.4416196522210181E-030
   4.6768627673854872E-030
