   2.2932279485605073E-031
   4.5682885404207902E-031
   6.8452699182829492E-031
   9.1261774664251497E-031
   1.1411853997191942E-030
   1.3698870719119565E-030
   1.5990150290389095E-030
   1.8302854334355217E-030
   2.0640270586301997E-030
   2.3002404757898708E-030
   2.5386119691047045E-030
   2.7786409571115442E-030
   3.0192988729314947E-030
   3.2589993614117816E-030
   3.4975230920088656E-030
   3.7351370906275875E-030
   3.9718030312011227E-030
   4.2077653796597812E-030
   4.4430918937119923E-030
   4.6783559623961377E-030
