   2.2930310073281495E-031
   4.5678934946236940E-031
   6.8446755239927469E-031
   9.1253804649363308E-031
   1.1410849017177527E-030
   1.3697645573149133E-030
   1.5988692471986246E-030
   1.8301177813977682E-030
   2.0638397119778824E-030
   2.3000351353668050E-030
   2.5383904696662408E-030
   2.7784050356509811E-030
   3.0190497732198414E-030
   3.2587380763809591E-030
   3.4972510223180197E-030
   3.7348559118248324E-030
   3.9715139829814000E-030
   4.2074694376938319E-030
   4.4427906450625005E-030
   4.6780506598495329E-030
