   2.2933736773706565E-031
   4.5685832070472905E-031
   6.8457121841601623E-031
   9.1267677383703509E-031
   1.1412591777600304E-030
   1.3699753016347117E-030
   1.5991158717140230E-030
   1.8303974728519921E-030
   2.0641488861568124E-030
   2.3003713140663577E-030
   2.5387510565652707E-030
   2.7787876297564774E-030
   3.0194528165080788E-030
   3.2591603865976029E-030
   3.4976905945584439E-030
   3.7353103511304685E-030
   3.9719814527133749E-030
   4.2079485694335522E-030
   4.4432790035561559E-030
   4.6785465013345279E-030
