   2.2933910987357379E-031
   4.5686174913268825E-031
   6.8457643664127134E-031
   9.1268389223799777E-031
   1.1412684107986407E-030
   1.3699871782774756E-030
   1.5991314884886388E-030
   1.8304168796234926E-030
   2.0641718330413496E-030
   2.3003974621759109E-030
   2.5387800026590540E-030
   2.7788189541485934E-030
   3.0194861462832118E-030
   3.2591953825727566E-030
   3.4977269187784240E-030
   3.7353476120301034E-030
   3.9720193746405741E-030
   4.2079868955562635E-030
   4.4433174311361662E-030
   4.6785847153919285E-030
