   2.2928679464185812E-031
   4.5675647793393349E-031
   6.8441815379245127E-031
   9.1247197611147732E-031
   1.1410020018122896E-030
   1.3696646106421532E-030
   1.5987530218163919E-030
   1.8299866700580829E-030
   2.0636953944550501E-030
   2.2998787063178540E-030
   2.5382230886476377E-030
   2.7782277716026905E-030
   3.0188633071536669E-030
   3.2585429327135990E-030
   3.4970481177655086E-030
   3.7346463036320759E-030
   3.9712985045135751E-030
   4.2072486970108992E-030
   4.4425657571491114E-030
   4.6778223854232606E-030
