   2.2923737933595699E-031
   4.5665689312681276E-031
   6.8426846424568954E-031
   9.1227167619591414E-031
   1.1407505033697707E-030
   1.3693610563126309E-030
   1.5983993976735610E-030
   1.8295872734252478E-030
   2.0632554433441861E-030
   2.2994016138292450E-030
   2.5377124867454953E-030
   2.7776869961199856E-030
   3.0182945327663298E-030
   3.2579478696160460E-030
   3.4964296539489173E-030
   3.7340077315994758E-030
   3.9706423804082899E-030
   4.2065768548247122E-030
   4.4418815435513837E-030
   4.6771280966667468E-030
