   2.2930479796467483E-031
   4.5679265038509874E-031
   6.8447251786813337E-031
   9.1254475301878944E-031
   1.1410935267809774E-030
   1.3697755971299359E-030
   1.5988836327080617E-030
   1.8301354145620884E-030
   2.0638603189490913E-030
   2.3000584534542498E-030
   2.5384162366074672E-030
   2.7784330198922926E-030
   3.0190798151416543E-030
   3.2587700648871241E-030
   3.4972848335404554E-030
   3.7348913621843009E-030
   3.9715509693295579E-030
   4.2075078731126967E-030
   4.4428303744091898E-030
   4.6780915227006554E-030
