   2.2928508304880026E-031
   4.5675314075921132E-031
   6.8441312107134435E-031
   9.1246516451004266E-031
   1.1409932262080940E-030
   1.3696533665679642E-030
   1.5987383334967452E-030
   1.8299685977020810E-030
   2.0636742110519898E-030
   2.2998546976247280E-030
   2.5381965611476239E-030
   2.7781990164533599E-030
   3.0188325474715368E-030
   3.2585103500881832E-030
   3.4970138934718008E-030
   3.7346106669858449E-030
   3.9712615914687803E-030
   4.2072106243262043E-030
   4.4425267029173373E-030
   4.6777825323881506E-030
