   2.2932110937535904E-031
   4.5682556216293253E-031
   6.8452202078943494E-031
   9.1261101282895032E-031
   1.1411767205671216E-030
   1.3698759547689397E-030
   1.5990004951879914E-030
   1.8302675136547953E-030
   2.0640060084078865E-030
   2.3002165813745845E-030
   2.5385855437085352E-030
   2.7786123030043391E-030
   3.0192682315215261E-030
   3.2589669293726678E-030
   3.4974890737502443E-030
   3.7351017469725795E-030
   3.9717665276903725E-030
   4.2077278625484104E-030
   4.4430535663869754E-030
   4.6783170332755149E-030
