   2.2934240053437224E-031
   4.5686818357879346E-031
   6.8458615853684063E-031
   9.1269706356733715E-031
   1.1412853825989953E-030
   1.3700089023713229E-030
   1.5991598971820476E-030
   1.8304519564803709E-030
   2.0642131024114200E-030
   2.3004443627019637E-030
   2.5388319109866440E-030
   2.7788752563137787E-030
   3.0195463515276239E-030
   3.2592590671487846E-030
   3.4977936458242148E-030
   3.7354168290347143E-030
   3.9720907157561957E-030
   4.2080600378400706E-030
   4.4433919399071374E-030
   4.6786601425783659E-030
