   2.2928679464185812E-031
   4.5675648073290281E-031
   6.8441816203365744E-031
   9.1247199155135252E-031
   1.1410020260058922E-030
   1.3696646439371893E-030
   1.5987530745309206E-030
   1.8299867543749601E-030
   2.0636955130117122E-030
   2.2998788544181270E-030
   2.5382232558104338E-030
   2.7782279434486597E-030
   3.0188634663560237E-030
   3.2585430600599530E-030
   3.4970481957360792E-030
   3.7346463162074551E-030
   3.9712984381705419E-030
   4.2072485381550096E-030
   4.4425654935628251E-030
   4.6778220047467909E-030
