   2.2894085473557404E-031
   4.5607158118492933E-031
   6.8339319077628508E-031
   9.1110878454496390E-031
   1.1392936506589260E-030
   1.3675869509246892E-030
   1.5962883581339871E-030
   1.8271158147765006E-030
   2.0603952246154024E-030
   2.2961388770222902E-030
   2.5340347781380803E-030
   2.7735899865627439E-030
   3.0137841405440166E-030
   3.2530581293522438E-030
   3.4911951861242921E-030
   3.7284165434132252E-030
   3.9646967862681225E-030
   4.2002914801478080E-030
   4.4352121279046175E-030
   4.6700732360226123E-030
