   2.2928327661729200E-031
   4.5674961235560740E-031
   6.8440778424330494E-031
   9.1245791906625733E-031
   1.1409838614227864E-030
   1.3696413344033564E-030
   1.5987225712727959E-030
   1.8299491546078323E-030
   2.0636513844094886E-030
   2.2998288155172039E-030
   2.5381679871247196E-030
   2.7781681059016897E-030
   3.0187995925069379E-030
   3.2584756027853068E-030
   3.4969775993659432E-030
   3.7345731179953544E-030
   3.9712229664061576E-030
   4.2071710861815946E-030
   4.4424864723135827E-030
   4.6777418384512363E-030
