   2.2933910987357379E-031
   4.5686174364221537E-031
   6.8457642055085629E-031
   9.1268386174537973E-031
   1.1412683623634895E-030
   1.3699871096496995E-030
   1.5991313811980170E-030
   1.8304167128644642E-030
   2.0641716020306377E-030
   2.3003971750663079E-030
   2.5387796770776242E-030
   2.7788186144097352E-030
   3.0194858211593921E-030
   3.2591951037198090E-030
   3.4977267154843837E-030
   3.7353475132149119E-030
   3.9720194054365713E-030
   4.2079870814251357E-030
   4.4433177951413979E-030
   4.6785852823143528E-030
