   9.2049114438389029E-031
   1.8327804273630036E-030
   2.7455004099916347E-030
   3.6595062001294989E-030
   4.5756470620433329E-030
   5.4930315551059844E-030
   6.4098017061836700E-030
   7.3300797253340619E-030
   8.2591329829998320E-030
   9.1981622142466414E-030
   1.0147132249481387E-029
   1.1105273431190563E-029
   1.2070958465869817E-029
   1.3041685545018148E-029
   1.4012626053523363E-029
   1.4978633225044196E-029
   1.5940927192525762E-029
   1.6894076514063693E-029
   1.3828875790024469E-012
   2.6478303222520707     
