   2.2928842282502221E-031
   4.5675966645810102E-031
   6.8442297675613028E-031
   9.1247851458495109E-031
   1.1410104296153508E-030
   1.3696753975782948E-030
   1.5987671390269441E-030
   1.8300041288144900E-030
   2.0637159593522936E-030
   2.2999020950251019E-030
   2.5382489713594416E-030
   2.7782558144324106E-030
   3.0188932268294679E-030
   3.2585744765645494E-030
   3.4970810379626819E-030
   3.7346803119920593E-030
   3.9713334082529614E-030
   4.2072843230516298E-030
   4.4426018778523289E-030
   4.6778587709944388E-030
