   52.526473576055757     
   104.65414062762923     
   156.83475332202963     
   209.12230779077603     
   261.48192334907105     
   313.68383175842052     
   366.25424071160921     
   419.35849457702625     
   473.02054346941947     
   527.19910377751535     
   581.79359365317043     
   636.62104343861267     
   691.33355859034305     
   745.80571445865507     
   800.02486783913514     
   853.54503233079390     
   905.95787893166096     
   952.06422758837641     
   994.13379315322618     
   1036.2026142787242     
