   51.144773656660810     
   101.83872593222698     
   152.53944747673802     
   203.28064353451052     
   254.07094619914909     
   304.94528535029650     
   355.86606355971435     
   406.87990080626992     
   457.87378702395614     
   508.86209445020529     
   560.15186301496021     
   611.80718089718403     
   663.87200435300565     
   716.31511469821544     
   769.12192441288141     
   822.22963594453995     
   875.56066809612616     
   928.95692600117036     
   982.25883439540746     
   1035.3594218954609     
