   54.470251998973623     
   108.53614291415272     
   162.68855907323513     
   216.97347971271947     
   271.29826266687172     
   325.80914479608043     
   380.92164019413053     
   436.69615307694869     
   493.06923582887532     
   549.89859780288691     
   606.86372027109701     
   663.43266275131282     
   719.80258341294052     
   775.96977853581780     
   831.90133300846310     
   887.61683664276904     
   943.18254242636544     
   998.58658387778814     
   1048.3851678101848     
   1094.3662178842490     
