   49.970213046961661     
   99.572555236652050     
   149.27401647916960     
   199.08575328456917     
   249.01376611749291     
   299.70173385320430     
   351.19523645571797     
   403.39630425311589     
   456.11281021364567     
   508.99636742509438     
   561.76362731859035     
   614.60035683781700     
   667.54221886511186     
   720.63892581102812     
   773.87209221336559     
   827.26306522638606     
   880.79760325601001     
   934.46505236165808     
   984.11799219113800     
   1029.6051498881416     
