   52.840240727237209     
   105.21416884638548     
   157.61714220191897     
   210.09400085316852     
   262.68505972462287     
   315.35727349652439     
   367.98243784872773     
   420.84356518357703     
   474.20321070650056     
   528.13104931269208     
   582.62443299405618     
   637.63187508937051     
   693.05517391838680     
   748.73181423187543     
   804.35814595944612     
   859.67859582213430     
   914.72093054526385     
   969.18898273786976     
   1022.7723466942147     
   1071.2437317892773     
