   52.799555003440325     
   105.12859851768415     
   157.50224561617065     
   209.95349347978461     
   262.52175656849039     
   315.17471085394243     
   367.74155758299224     
   420.70528861536076     
   474.26756545480822     
   528.44007563355296     
   583.19833302671623     
   638.46696627838014     
   694.11443025381720     
   749.89092177248335     
   805.46104445878370     
   860.80859746451767     
   915.77986957309849     
   970.20041271175990     
   1023.9560858705756     
   1072.5364593968941     
