   84.130203402155288     
   167.83816423464989     
   251.61945747356378     
   335.53895044680576     
   419.39234819650005     
   503.43177572854046     
   587.88107060728419     
   672.65799738983287     
   757.31662143652090     
   840.92759914368105     
   921.97108560287552     
   1001.3849440323906     
   1079.1319374464053     
   1146.8264059142869     
   1209.3921895417882     
   1270.2836880638929     
   1331.3589090565679     
   1392.9464281452711     
   1455.1483911826915     
   1517.9746922082072     
