   52.703591755456813     
   104.99884278597246     
   157.30253127637681     
   209.64426499858206     
   262.03477425609242     
   314.48442996529320     
   367.02374250336959     
   419.59658299020765     
   472.09655503926962     
   524.70250411173095     
   577.58010711537531     
   630.79850892819627     
   684.36888806311708     
   738.27555842636400     
   792.47603267893180     
   846.89127360237148     
   901.40087025752109     
   955.84143617896325     
   1010.0453407250358     
   1063.8346542537222     
