   51.162137658217752     
   101.88095656483267     
   152.59741504204129     
   203.36644785476452     
   254.19875442221928     
   305.12082916603003     
   356.09308827896103     
   407.10036425687730     
   457.97392966792961     
   509.11402390994266     
   560.65329051559661     
   612.61802906617550     
   665.00802851510775     
   717.79031559672740     
   770.91170094098857     
   824.28025635010158     
   877.74820893475658     
   931.12892327546274     
   984.29634787875682     
   1037.1758511973176     
