   49.177956960185710     
   97.919431457715987     
   146.82344203935060     
   195.83992518416616     
   245.30754261250931     
   295.85245110752061     
   347.44961145935326     
   399.95989179959861     
   453.07039335757730     
   506.27103694433424     
   559.70003316266809     
   613.33623424076234     
   667.36888583708026     
   721.76279178833988     
   776.51202201009505     
   831.59041313498710     
   886.97585062119413     
   936.38357787207394     
   983.36728577002270     
   1028.8426398314627     
