   51.568544866584070     
   102.67131020226545     
   153.82092681563697     
   205.07345577414114     
   256.45274414080973     
   307.88094882152961     
   359.38226813182428     
   411.46333030412643     
   464.19997829639271     
   517.59707209292208     
   571.59726205430945     
   626.08289152201792     
   680.84148559400830     
   735.52299371199797     
   790.03517439756479     
   844.33977733839686     
   898.41337131548028     
   952.21559193027178     
   1005.7222245101661     
   1056.5624521990992     
