   51.746561981450050     
   103.04620245510969     
   154.45615920379126     
   206.00834106235112     
   257.50784918781989     
   309.64229699998651     
   362.65809190262297     
   416.51891985315461     
   471.12921145189398     
   526.24665220032671     
   581.46882642423157     
   636.51988230320956     
   691.56550679456609     
   746.42098662461251     
   800.89639300430952     
   850.76919614966539     
   896.11938768684195     
   939.73586181427618     
   983.33389979291280     
   1026.1273593799726     
