   50.057430979498882     
   99.656172766811409     
   149.29903619008945     
   199.02370720320422     
   248.84242393216903     
   298.74812831773875     
   348.63368489061600     
   399.04421036419745     
   450.09993768488130     
   501.80282046320445     
   554.10092316618136     
   606.90651219038693     
   660.09241793397791     
   713.38204393933836     
   766.52097202511470     
   819.51878070179282     
   872.34576329233732     
   924.92104741096739     
   977.24301674798232     
   1029.2340285247810     
