   51.641190586761297     
   102.80787447513882     
   153.98382006838932     
   205.20089247421981     
   256.47105483149107     
   307.82906291787242     
   359.25112570734677     
   410.74874642009377     
   462.19742725693476     
   513.70208495494694     
   565.52814195846202     
   617.75251243004766     
   670.40925873488368     
   723.47495247091786     
   776.92498277047537     
   830.68388535784277     
   884.66243456702239     
   938.70270958343269     
   992.63376518286759     
   1046.3474257521084     
