   50.539667521086201     
   100.61382863678956     
   150.77038972674904     
   201.07055320415719     
   251.46268222368101     
   301.85189541433624     
   352.87890754664602     
   404.65128405066343     
   457.16411580559173     
   510.32657072874758     
   564.00801546003368     
   617.92157319384103     
   671.68110958017519     
   725.35749455064740     
   778.97549293216503     
   832.56549955266928     
   886.14281658948664     
   939.74118762224089     
   993.35805604487894     
   1043.4807758425516     
