   52.859776681018481     
   105.34809153801341     
   157.83024936873844     
   210.35974551750982     
   262.95907725318648     
   315.63705142957724     
   368.35987637236843     
   421.01484325902737     
   473.75657786902019     
   526.79113227933567     
   580.17910109925288     
   633.94083435563857     
   688.05070882927248     
   742.45453681251320     
   797.06319446640669     
   851.71633387363204     
   906.18517734848081     
   960.25186027283905     
   1013.9947767973871     
   1067.3224341830544     
