   51.948094242075001     
   103.43540673739382     
   154.96010189035457     
   206.56831470977835     
   258.25073801289363     
   310.03611566225129     
   361.66231599313892     
   413.65699955455676     
   466.21891805583419     
   519.37245443281211     
   573.09324071803280     
   627.31321877645723     
   681.92642232073979     
   736.72074440026756     
   791.40502368306898     
   845.90659975801759     
   900.11158023283758     
   954.09249970074143     
   1007.7602709397219     
   1061.1497164432051     
