   53.017177099301648     
   105.65145617387999     
   158.43277837575496     
   211.31070622305577     
   264.49105341997603     
   318.52267392282363     
   373.38875497639526     
   428.94245990671385     
   484.82868552377209     
   540.48883471834336     
   596.16888354102196     
   651.88949269801458     
   707.76160622314057     
   763.78487904370695     
   819.96403809993410     
   876.24603160234517     
   932.64942354096695     
   982.27769211738291     
   1029.6285821943404     
   1075.3850300151028     
