   53.135968622427086     
   105.89024307426277     
   158.64408976070743     
   211.43993156058210     
   264.30326341917669     
   317.24147756861532     
   370.24364816577582     
   423.13758271660498     
   476.24849111500350     
   529.72600550636503     
   583.60374706774758     
   637.87842799542784     
   692.50489323894976     
   747.41124378280620     
   802.47126869229828     
   857.47239479425207     
   912.13651224999705     
   966.48643614576838     
   1020.3785036731389     
   1073.7802657222819     
