   54.334933343042941     
   108.26005741840207     
   162.18484290317267     
   216.15961572338307     
   270.22742671031028     
   324.37107353006024     
   378.53421155423598     
   432.56736967082702     
   486.89861766184441     
   541.65139975881903     
   596.84451159085006     
   652.46075587092037     
   708.44343827905118     
   764.70328308685089     
   821.07268006827314     
   877.27900922755725     
   933.09124246095712     
   988.58669814034340     
   1043.6663016574080     
   1098.3329038278052     
