   51.684235041059218     
   102.96521708723057     
   154.23999996507976     
   205.55858303711744     
   256.93407523729144     
   308.39350436051967     
   359.89482638784057     
   411.39057531385396     
   462.77061685600518     
   514.40781247292739     
   566.39932237418566     
   618.77585214339410     
   671.52314750475716     
   724.60671528363832     
   777.96391184605295     
   831.49071551358361     
   885.04038365137160     
   938.43738491747058     
   991.53060924299632     
   1044.2737531008906     
