   53.849241186668195     
   107.23549305179804     
   160.66531452951068     
   214.16969928985296     
   267.80498417322190     
   321.51109129703724     
   375.14425031649193     
   429.21053980345380     
   483.86424952974664     
   539.12313816430049     
   594.95214770947018     
   651.26025363019687     
   707.89354909628730     
   764.56424699244815     
   820.90570937786720     
   876.96550217263791     
   932.77627771206301     
   988.35326021817502     
   1043.7792140422041     
   1099.0959784939446     
