   51.061111182735466     
   101.64758115366257     
   152.34264015855106     
   203.21315874872286     
   254.03327359600539     
   305.49138720945410     
   357.87745472611056     
   411.19508360562253     
   465.33463338108015     
   520.09473599454407     
   575.08364955442028     
   629.96736144457429     
   684.89147802892001     
   739.96078759000181     
   795.32671607752218     
   850.99032257005319     
   906.96587984738585     
   963.23590929675277     
   1018.5481402547595     
   1066.9528162951210     
