   52.769658304185405     
   105.07532870552343     
   157.39050735509568     
   209.74908346100739     
   262.16287306754259     
   314.64307132547259     
   367.22443499410855     
   419.84159856312846     
   472.35464486197185     
   525.01678390248651     
   578.00586255781809     
   631.40285847078644     
   685.21311456498461     
   739.42509150239812     
   793.99313757211451     
   848.82877307217120     
   903.79509334813588     
   958.73704120519403     
   1013.4934040497092     
   1067.8812798098897     
