   53.701810863003331     
   106.98531514418038     
   160.26334959107902     
   213.59411754724468     
   266.98101355812656     
   320.45555741138742     
   374.00577006242025     
   427.57554655177552     
   481.05818846619462     
   534.78147331243042     
   588.87353231531461     
   643.36196875479561     
   698.23118325092821     
   753.45056385656665     
   808.94305810342246     
   864.60547832357008     
   920.26041081861899     
   975.69372400406348     
   1030.7045567083508     
   1085.3719500711002     
