   53.144810171773628     
   105.82669086087864     
   158.50613368941450     
   211.24358786931501     
   264.04255603639263     
   316.93791869735861     
   369.90022388349439     
   422.90815764226215     
   475.81459955707237     
   528.98446119356345     
   582.56202057351948     
   636.58212521616883     
   691.04168830511435     
   745.91101684234411     
   801.12370097372138     
   856.57949138920492     
   912.10005843950285     
   967.48431636470207     
   1022.5514486515930     
   1077.2866407948479     
