   51.152868233636198     
   101.82309515582976     
   152.52997310196446     
   203.31605865725135     
   254.20074175279817     
   305.20976020727943     
   356.14966374030712     
   407.40255445797288     
   459.20571569132426     
   511.63303969658239     
   564.67335222829661     
   618.27151458355149     
   672.32394308608934     
   726.67313737325185     
   781.02630278032314     
   835.16722013614424     
   889.08865934464268     
   942.81197246506952     
   996.27873213775410     
   1049.5212869425029     
