   49.662346237242673     
   98.934411267650958     
   148.20614927771575     
   197.52194218640790     
   246.92004175741201     
   296.39599961130193     
   345.89360737387670     
   395.26598997726904     
   444.93393036209369     
   495.02068815180013     
   545.54781737386088     
   596.50699123936113     
   647.85603210733700     
   699.52685382367895     
   751.40821757233425     
   803.31167853722695     
   855.02154160923874     
   906.56137867362611     
   957.74522153488499     
   1008.1664515461259     
