   53.983584171988880     
   107.57359105745822     
   161.16609805047094     
   214.80145252434684     
   268.49650623984712     
   322.24451633474564     
   376.04703281478845     
   429.87879407686677     
   483.58171893366892     
   537.44863187716942     
   591.61983689863871     
   646.12533652708430     
   700.96153574642494     
   756.10217788709008     
   811.50144584878831     
   867.05661352870834     
   922.61773643520678     
   977.96109034539040     
   1032.9367652762814     
   1087.5083085094691     
