   54.983861868267311     
   109.51429945381133     
   164.07146890258468     
   218.69770881417753     
   273.44058445553901     
   328.25342047192783     
   383.01236029388298     
   437.97291247323841     
   493.39696450587945     
   549.34662133620611     
   605.82265411506262     
   662.77222338630122     
   720.08381842106689     
   777.57015465180143     
   834.90740336855345     
   891.83732494143078     
   948.35689166772499     
   1004.1814711013043     
   1059.0508165331216     
   1108.7684749266373     
