   52.906207221277349     
   105.37747587001911     
   157.85716183620761     
   210.37846658655678     
   262.95299499785443     
   315.58741787812562     
   368.31614174678049     
   421.08177569841553     
   473.75143621263328     
   526.56337469239566     
   579.67436650797731     
   633.15946355449580     
   687.02751785658995     
   741.25984842344155     
   795.81796349902572     
   850.61505395977667     
   905.51137036844284     
   960.34378193507882     
   1014.9535463192730     
   1069.1643882940075     
