   51.410947904968587     
   102.41807376907941     
   153.61804777383756     
   204.84939101835411     
   257.15160897611747     
   310.65233986797824     
   365.20416714786774     
   420.42635003880076     
   475.72653725407361     
   531.27238400766726     
   587.13957202726203     
   643.46500533365258     
   700.10822737974036     
   757.07537120560210     
   814.36716041171303     
   864.98399256092250     
   913.50186857819290     
   960.51860937105710     
   1006.9604127595007     
   1052.1359221038981     
