   51.789920028211931     
   103.21092421333563     
   154.62879842407756     
   206.08997465024149     
   257.61463287540477     
   309.20553043392721     
   360.84110867528364     
   412.30783951583521     
   463.96677682885655     
   515.96079534606542     
   568.33206329871916     
   621.07858429111229     
   674.17361406763860     
   727.55468481581579     
   781.11889563933028     
   834.70245004871163     
   888.11577289103104     
   941.18188157065492     
   993.97047235338607     
   1046.3449219465531     
