   49.166446038378794     
   97.885671457945278     
   146.74100551795848     
   195.75031710071855     
   244.88627835775128     
   294.97542431738214     
   346.08905548270729     
   398.14136879614688     
   450.95589538809833     
   504.16272038247456     
   557.40070482058798     
   610.80947078265206     
   664.41302187891802     
   718.32607864908800     
   772.52710435007396     
   827.00954863655943     
   881.73038774457063     
   930.62055857561950     
   976.85376116460998     
   1021.4317248883710     
