   53.100614872514093     
   105.77001610876820     
   158.52416608829870     
   211.41176237757801     
   264.31082665878216     
   317.61806586523971     
   371.68120049800956     
   426.52177312372601     
   482.04112787407610     
   538.08250343375926     
   594.24662570014323     
   650.13953071284800     
   705.92692397262988     
   761.67174035085191     
   817.45841857090454     
   873.29964200966708     
   929.23681095394784     
   985.25486198791998     
   1039.1525303241760     
   1086.7218365411584     
