   52.180149645966601     
   103.98441968796831     
   155.83008374871432     
   207.75443551398649     
   259.75924876598754     
   311.71746908088346     
   363.78570640080551     
   416.28883147698343     
   469.29251967921527     
   522.77346788307034     
   576.67613304422116     
   630.89313338237002     
   685.17812975477807     
   739.17144979620389     
   792.95002172106138     
   846.40078902213304     
   899.19355791048383     
   951.21260451074261     
   1001.0943042572159     
   1044.5930029986262     
