   51.542093755136051     
   102.69810694341777     
   153.85929512381139     
   205.06123659627349     
   256.31497739848334     
   307.60895518515059     
   358.97577949988442     
   410.35708207909090     
   461.59060132218218     
   512.99432624112467     
   564.69199804555274     
   616.71485774883411     
   669.06737719128000     
   721.73287700564219     
   774.66820883948162     
   827.80339847378525     
   881.00059824280925     
   934.09007082882476     
   986.96128587166970     
   1039.4734073245331     
