   49.676809229831171     
   98.935111039921793     
   148.26807524206797     
   197.70243307677487     
   247.22353484108285     
   296.67393111547796     
   346.66013288891401     
   397.28388342613266     
   448.54625299916944     
   500.37496302334404     
   552.66081056004327     
   605.16765645407759     
   657.54902318436234     
   709.82250676164745     
   761.97751199766208     
   813.82075973023177     
   865.23179352830175     
   916.24456738556682     
   961.62984200515496     
   1003.5298348880688     
