   52.015350304638901     
   103.63459096333496     
   155.25087190635614     
   206.91189650633862     
   258.64331077286386     
   310.45067880025954     
   362.33056179335972     
   414.10725296302326     
   466.06852980441596     
   518.38787615548836     
   571.12334993265233     
   624.27253348496720     
   677.81509886322658     
   731.68197844679571     
   785.77034575318476     
   839.90767772005267     
   893.88520194140926     
   947.51573484996754     
   1000.8416967571786     
   1053.6196590115544     
