   52.931284802910120     
   105.43028779066810     
   157.97746682676029     
   210.60885443682497     
   263.34556099321640     
   316.08179903482210     
   368.98268865694308     
   422.41968244521127     
   476.47009166772159     
   531.09933509867471     
   586.23681972380734     
   641.75380823799901     
   697.37286828740071     
   752.71630448521182     
   807.81007164683501     
   862.68405822846898     
   917.42488194642976     
   972.08873289044254     
   1026.7046723033700     
   1081.2881008281829     
