   53.513440673118069     
   106.63370118536974     
   159.90113957645224     
   213.28215500075055     
   267.01525638662935     
   321.64206748798409     
   377.13489450184437     
   433.33131106077059     
   489.82229221385262     
   546.06809652033598     
   602.33273176916771     
   658.69150959096362     
   715.25409863651510     
   772.01435405761902     
   828.97822525574816     
   886.09815430291405     
   943.37848533869715     
   993.94730189496772     
   1041.9787407164517     
   1088.3744106516374     
