   66.570115295587513     
   132.58418903191432     
   198.67080273014727     
   264.87740508285276     
   331.22986156092981     
   397.69056123359269     
   464.36240892670639     
   531.67682936986785     
   599.71626602247272     
   668.45521422611591     
   737.71884786735166     
   807.15658115611120     
   875.93385194107361     
   943.74975356813388     
   1010.8322522393712     
   1077.1188835499379     
   1139.1690916146470     
   1192.2260293831705     
   1244.2940585501588     
   1296.3873801074785     
