   52.515319820103166     
   104.56269110100537     
   156.70308583196115     
   208.98087468077622     
   261.34422494033345     
   314.07004258970267     
   367.62035388371805     
   422.03496261343258     
   477.23582760830999     
   533.05304554586894     
   589.14641668117122     
   645.02745987402966     
   700.87116917678713     
   756.71053733126269     
   812.65493643620630     
   868.74174591700125     
   925.00672267056302     
   981.42208004092038     
   1034.7097965788394     
   1082.4354641332177     
