   51.386155681162819     
   102.39823137158371     
   153.58462250134738     
   204.76746781147349     
   256.92380551114860     
   310.15161268642453     
   364.32124803946010     
   419.06554300196541     
   473.81336703831920     
   528.76227699147228     
   583.96818931908911     
   639.51679283901979     
   695.27057031741765     
   751.23998536025874     
   807.43727416463594     
   857.62754283753713     
   905.36906173288344     
   951.81552861069144     
   997.24897225285815     
   1041.8828745182338     
