   50.308515226979893     
   100.17683051823715     
   150.13929436380857     
   200.22859048266494     
   250.36662291919990     
   300.66834501624277     
   351.67712580576114     
   403.44089897748421     
   455.91614379114492     
   508.99374948720242     
   562.44972212038658     
   615.93444804688181     
   669.30406030202585     
   722.62963675008552     
   775.97747641916635     
   829.40924801100789     
   882.94955946700748     
   936.59975364816739     
   990.34987846283548     
   1042.1038419768856     
