   54.400714564772272     
   108.35042989665175     
   162.30143002711787     
   216.31411244398947     
   270.42470033223742     
   324.63974584591898     
   378.91322412369823     
   433.08913608680615     
   487.57195708927514     
   542.53650385507240     
   598.01228942867988     
   653.97778906735539     
   710.39027081048914     
   767.13612116746003     
   824.06024749077164     
   880.86534688914276     
   937.29444105567779     
   993.39875562527925     
   1048.5718645671398     
   1100.7578996316561     
