   52.368307677317368     
   104.33710946770967     
   156.30770732798959     
   208.32386559993583     
   260.39713815423062     
   312.53696706063755     
   364.72432434502394     
   416.96550104743085     
   469.08951454332356     
   521.40019395892568     
   574.03374512515643     
   627.01812808718103     
   680.35524515818020     
   734.02131571377538     
   787.97301223644581     
   842.12345296539570     
   896.32826167505084     
   950.38201259656284     
   1004.1117285944127     
   1057.4979587362313     
