   53.714316111115636     
   106.99918382603792     
   160.28904875198759     
   213.62485889481775     
   267.01970895658462     
   320.47341231076592     
   373.99651519158022     
   427.57461884555704     
   481.02595243401811     
   534.65757030351722     
   588.61922017222867     
   642.94776746208049     
   697.65778072711498     
   752.71752834053041     
   808.08506546221008     
   863.66908097327826     
   919.31023516494145     
   974.80574406691903     
   1030.0042269813380     
   1084.7958877735703     
