   54.389766730204400     
   108.36560305409620     
   162.34750338520172     
   216.40131288150172     
   270.52534011994749     
   324.73490050094387     
   378.97411358930674     
   433.18395573499140     
   487.75252590539247     
   542.76049425004817     
   598.22341959541814     
   654.11691186691496     
   710.36644851518133     
   766.83992589718525     
   823.31813905014030     
   879.47989887286315     
   935.30664998080601     
   990.66157439474273     
   1045.5137691282737     
   1099.8138118512913     
