   52.364938911035011     
   104.26263833770234     
   156.25083409484148     
   208.37454726717962     
   260.53149849261177     
   313.06724840372743     
   366.41597842593535     
   420.62093505862936     
   475.60657501364631     
   531.21346397731998     
   587.11175672760771     
   642.83916393024072     
   698.52684673531724     
   754.22494633702559     
   810.03221933190957     
   866.00351672196200     
   922.17705617714751     
   978.54046348554186     
   1032.1909445801316     
   1079.9191716813323     
