   51.530096521338486     
   102.65006984573363     
   153.87169898942241     
   205.21898226632547     
   256.46466497267113     
   308.28531821638501     
   360.88393063747736     
   414.23272964332750     
   468.23979710095739     
   522.68251828103939     
   577.18241919669379     
   631.49053813427588     
   685.76574907724489     
   739.78761214700637     
   793.28760940843370     
   843.04726508445742     
   887.51376434120300     
   930.27570575466177     
   973.16419577210911     
   1014.7489210285440     
