   52.275237699698309     
   104.09319923203105     
   156.02974045466871     
   208.09669572200281     
   260.09699389997377     
   312.78845358089217     
   366.39271727881982     
   420.86218603253491     
   476.08451367807095     
   531.80388643057177     
   587.57840217716716     
   643.22845665503166     
   698.87100836009108     
   754.20064086834111     
   807.52373949855121     
   853.98176887109742     
   898.70176934848814     
   942.91892709317744     
   985.91504347045213     
   1029.4624066741667     
