   52.906207221277349     
   105.38341029536170     
   157.85944313066040     
   210.38708699493006     
   262.97439328585119     
   315.64728449465554     
   368.37107047165046     
   421.14138459339739     
   473.79739216860082     
   526.68129339925213     
   579.93171356962387     
   633.57678247550848     
   687.61409590371011     
   742.01749426884828     
   796.72882985441163     
   851.64783834170908     
   906.61556256071060     
   961.42173015513765     
   1015.8948326740029     
   1070.0501294444782     
