   52.658697418100694     
   104.92006400320899     
   157.18227870384885     
   209.50180999823360     
   261.91329791079090     
   314.39666419369951     
   366.91537031488019     
   419.33756736049503     
   472.06301469407765     
   525.20592027292696     
   578.79062542656698     
   632.79442310654258     
   687.16988050388136     
   741.82785890744867     
   796.61672452488142     
   851.27493663366818     
   905.57050888566687     
   959.59057899961044     
   1013.1172801480000     
   1066.1451789989840     
