   52.226370397854851     
   104.01063457706555     
   155.79218178817135     
   207.62237950122423     
   259.52667590051010     
   311.51182250063391     
   363.56507165524800     
   415.41999416222870     
   467.53881492693210     
   520.09505345374419     
   573.13623150015360     
   626.65630976647230     
   680.62769398036778     
   734.96790070040311     
   789.56039231737986     
   844.23740581118648     
   898.78618771903507     
   953.05689235053615     
   1006.9877594467159     
   1060.0047557258135     
