   52.676492461299986     
   104.92544910890044     
   157.18325800426354     
   209.48091089368162     
   261.82888903364636     
   314.23892255146245     
   366.74206548577052     
   419.27859464929963     
   471.72855153572664     
   524.29920983035947     
   577.15999814282225     
   630.38406256453538     
   683.98090560392779     
   737.93699611502223     
   792.20792118095710     
   846.71169353920095     
   901.32331399874624     
   955.88608668442475     
   1010.2301214843459     
   1064.1808680264467     
