   51.061111182735466     
   101.64758222447357     
   152.34264311242984     
   203.21316412012877     
   254.03328059152378     
   305.49140295046186     
   357.87748227851114     
   411.19512237380792     
   465.33467999451886     
   520.09478489164849     
   575.08369330179130     
   629.96739200237153     
   684.89148780972050     
   739.96076881522356     
   795.32666170284051     
   850.99022623560097     
   906.96573450776293     
   963.23570766257001     
   1018.5479015350486     
   1066.9525303957787     
