   52.684736794993285     
   104.95734174224998     
   157.26035572431553     
   209.64468130260312     
   262.10586240351915     
   314.61893859328944     
   366.97508534455915     
   419.68891157538263     
   472.88836121317621     
   526.60119630663985     
   580.79257201992561     
   635.39891184912665     
   690.28790150948896     
   745.21631881814574     
   799.88353686625931     
   854.34978639255951     
   908.45191181089717     
   962.16748004768533     
   1015.4345808737393     
   1068.2699693915022     
