   52.983203067036058     
   105.50556948270102     
   158.02644600928829     
   210.60374567237719     
   263.24353293110596     
   315.97681745507987     
   368.76872018877219     
   421.61173019358023     
   474.33877670634575     
   527.32463397090385     
   580.71316312650129     
   634.53691548157190     
   688.79715760023043     
   743.46203284851413     
   798.47081503084632     
   853.72196180565879     
   909.04410207693331     
   964.23855518898938     
   1019.1356763726880     
   1073.7035018386641     
