   52.180149645966601     
   103.98441916425915     
   155.83008222490699     
   207.75443268020885     
   259.75924433015376     
   311.71746385683912     
   363.78569694910095     
   416.28881535086771     
   469.29249648957062     
   522.77343890287295     
   576.67610069964712     
   630.89310092280186     
   685.17810116138855     
   739.17142926281338     
   792.95001296560031     
   846.40079600813795     
   899.19358316589205     
   951.21265045774146     
   1001.0943678162622     
   1044.5930793194418     
