   51.649164850721796     
   102.83084336398029     
   154.05956590983396     
   205.39139126046956     
   256.85271147641402     
   308.36594286754195     
   359.95788793071227     
   412.13403147152775     
   464.97039986035071     
   518.47076269038041     
   572.57735494963356     
   627.17037783256137     
   682.03185430967289     
   736.81063988911899     
   791.41022765123603     
   845.80347290067778     
   899.83659040039481     
   953.42406005530154     
   1005.4772823131210     
   1050.7829722069907     
