   52.910498645714789     
   105.39201865318471     
   157.87238574071699     
   210.40436314408990     
   262.99604197524428     
   315.67328768309017     
   368.40143679217312     
   421.17636111985604     
   473.83725712962638     
   526.72586429638056     
   579.98060165772574     
   633.62963741437227     
   687.67061804483535     
   742.07733890536133     
   796.79178210553107     
   851.71364017265444     
   906.68404223409232     
   961.49270746610659     
   1015.9681504304443     
   1070.1255061737711     
