   51.561177326885364     
   102.65426388093125     
   153.83234890731740     
   205.14384879536834     
   256.56302925687936     
   308.02516792879095     
   360.15494686271325     
   413.05715639862473     
   466.69227513648116     
   520.98184360661037     
   575.73349796200671     
   630.61029009665629     
   685.28962080939641     
   739.88049137597204     
   794.44712808620272     
   849.12684331628520     
   903.95852566618316     
   958.96733838555713     
   1014.1908699701310     
   1069.5756614572635     
