   50.853379301546369     
   101.23579914604738     
   151.72280287322661     
   202.38493468852369     
   252.97610357845795     
   304.19338422496060     
   356.32266873536815     
   409.37547228715948     
   463.24134487016721     
   517.73048495196656     
   572.46634733438839     
   627.11684904428535     
   681.80779177346130     
   736.63259277070188     
   791.73668118241778     
   847.12896448083109     
   902.82208222389784     
   958.80356914560730     
   1014.1362943230290     
   1062.6729450506941     
