   53.071838669139829     
   105.70648611380373     
   158.34917659992024     
   211.03435030503559     
   263.77478776232471     
   316.57608715238212     
   369.46970256408758     
   422.40906219438722     
   475.26017393136379     
   528.25540361718629     
   581.55412628877957     
   635.23265624841281     
   689.30017104398007     
   743.73308658807071     
   798.49578228151574     
   853.49908967760291     
   908.59872594560272     
   963.62238700601370     
   1018.4125790888112     
   1072.7976759652852     
