   52.689116387846347     
   104.96613090969136     
   157.27355586035537     
   209.66234991849592     
   262.12795666239947     
   314.64567629833380     
   367.00684094083192     
   419.72538393029532     
   472.92911339729102     
   526.64586488248005     
   580.84077007335975     
   635.45031584761375     
   690.34222701459919     
   745.27332188715229     
   799.94308168044574     
   854.41151918103492     
   908.51561026339471     
   962.23292126402282     
   1015.5015182210249     
   1068.3381355756098     
