   52.699741730235758     
   105.00412324294922     
   157.29998300326722     
   209.64623518826343     
   262.04765487517386     
   314.51570134613115     
   367.06761145316580     
   419.63985239477529     
   472.14917144513720     
   524.92297137128696     
   578.05644028299798     
   631.57123476845152     
   685.45923995296175     
   739.67472393307230     
   794.15319789943851     
   848.76881907256723     
   903.33464702688275     
   957.66263056410457     
   1011.6110418209739     
   1065.0431584530274     
