   51.065947432135026     
   101.65731949695528     
   152.35724430917520     
   203.23274271375934     
   254.05816460855462     
   305.52102067456116     
   357.91124761222352     
   411.23259792461636     
   465.37542332084814     
   520.13850083140733     
   575.13010419199748     
   630.01617559324620     
   684.94233127864015     
   740.01336273532320     
   795.38078873887400     
   851.04570887250975     
   907.02241014268668     
   963.29338885371783     
   1018.6064764576016     
   1067.0116960808916     
