   52.277811832057068     
   104.15707734687838     
   156.03851359951113     
   207.96474547402130     
   259.94850371297088     
   311.99539271293480     
   364.09151060699946     
   416.23771012767708     
   468.26300542916925     
   520.47147455813081     
   573.00110984242849     
   625.88040960001376     
   679.11110031198268     
   732.66875513610330     
   786.51157046883145     
   840.55419132255133     
   894.65226265608339     
   948.60468661859238     
   1002.2449775372692     
   1055.5419146638169     
