   52.225420645390699     
   104.00877880743190     
   155.78939942228772     
   207.61865769224082     
   259.52198686956348     
   311.50607138036838     
   363.55809534982865     
   415.41131334088732     
   467.52818113501900     
   520.08253782642646     
   573.12194390573598     
   626.64040273586841     
   680.61030662403630     
   734.94916657119313     
   789.54045595469927     
   844.21638726498429     
   898.76421665625560     
   953.03407930459218     
   1006.9642638903276     
   1059.9807085022571     
