   51.649164850721796     
   102.83084538954137     
   154.05957182464195     
   205.39140241360860     
   256.85272848932158     
   308.36596598875565     
   359.95792409139733     
   412.13409059119112     
   464.97048459586910     
   518.47087008798883     
   572.57747787064841     
   627.17050595882188     
   682.03197501348973     
   736.81074009013651     
   791.41029490176595     
   845.80349660211414     
   899.83656144439226     
   953.42397072274923     
   1005.4771388226850     
   1050.7827911143647     
