   51.172143236573312     
   101.89323512259365     
   152.70803660637401     
   203.67710500142144     
   254.72270550386159     
   306.00775808192526     
   358.03814185913001     
   410.87080755225173     
   464.43906394622280     
   518.62962890153926     
   573.16826823449230     
   627.61570374113444     
   681.95902835822676     
   736.25165053756041     
   790.55544942292738     
   844.92960798489491     
   899.39645246819850     
   953.96069173142280     
   1008.5251067838210     
   1056.4930923230315     
