   51.948094242075001     
   103.43042668389728     
   154.92237913634671     
   206.45734113556526     
   258.03553545616052     
   309.70264566123774     
   361.43821837702745     
   413.22471386265607     
   464.88289203659383     
   516.64810055481871     
   568.73341250383567     
   621.22282223155185     
   674.12817375347856     
   727.43714561538172     
   781.10746604407723     
   835.05320496118929     
   889.17490692714887     
   943.32348390981701     
   997.34421698244853     
   1051.1102739728160     
