   53.075717514293814     
   105.71429193466979     
   158.36092349527220     
   211.05001961692381     
   263.79436408290189     
   316.59959784009493     
   369.49725569131073     
   422.44057776818886     
   475.29600121803668     
   528.29517804159264     
   581.59756615130652     
   635.27951376276985     
   689.35012794752072     
   743.78592775531433     
   798.55123609880980     
   853.55692479723677     
   908.65879586826532     
   963.68459298383766     
   1018.4767622508882     
   1072.8636079659489     
