   52.769658304185405     
   105.06749617678034     
   157.45878114910238     
   209.96814574449024     
   262.58804320213403     
   315.32570166034554     
   368.76343441704586     
   422.98212047334766     
   477.95793525917412     
   533.55949213839108     
   589.56011200777198     
   645.56141939393626     
   701.33640636223538     
   757.02213476459588     
   812.74743910278232     
   868.62870786120561     
   924.71099793177825     
   981.00825789879127     
   1037.5260549500140     
   1093.6365600888385     
