   52.478051064163623     
   104.50104169304933     
   156.51448374988965     
   208.58327258283197     
   260.71073243909262     
   312.92289731104330     
   365.22090402221983     
   417.50948579983208     
   469.71875798282474     
   522.25745313131438     
   575.22527217762536     
   628.64859903077001     
   682.51527420457967     
   736.78560643371156     
   791.38118821255659     
   846.17155023794373     
   900.99495740232226     
   955.67102012330383     
   1010.0291095581829     
   1064.1107272852169     
