   51.559258174209916     
   102.65990739505745     
   153.76924430047723     
   204.91897569126664     
   256.11720627232421     
   307.40332209174426     
   358.74586882350388     
   410.16158521462665     
   461.50989212203558     
   512.91454328254201     
   564.62491282948895     
   616.72041895988559     
   669.22661289190285     
   722.12450722867504     
   775.38925188799794     
   828.94594767021533     
   882.70737980628849     
   936.51981315888941     
   990.21034674911152     
   1043.6757842034315     
