   52.863405398426742     
   105.35537626365536     
   157.84119017311585     
   210.37436781401507     
   262.97739117061110     
   315.65907376858064     
   368.38567986587236     
   421.04476976328175     
   473.79052120073362     
   526.82885537634388     
   580.22032202696892     
   633.98526512944477     
   688.09803076463572     
   742.50451876293073     
   797.11566049656665     
   851.77112741187386     
   906.24212678782783     
   960.31082120510723     
   1014.0555465455445     
   1067.3848554085919     
