   50.848070791569917     
   101.22513566579909     
   151.70678488985257     
   202.36343447956068     
   252.94851343544516     
   304.16008478018915     
   356.28427998480169     
   409.33252601412323     
   463.19439169420815     
   517.67991093684805     
   572.41251354766666     
   627.06013759501468     
   681.74860932855290     
   736.57132801131911     
   791.67364641824804     
   847.06438983121257     
   902.75617825786503     
   958.73657709395809     
   1014.0685386409467     
   1062.6046491355978     
