   52.097502960265452     
   103.77623512215952     
   155.46406751323568     
   207.18919307268786     
   258.95955877699578     
   310.80301118861848     
   362.72250682246312     
   414.68528172118266     
   466.57578111538606     
   518.54275697638968     
   570.78646839026294     
   623.37767899867617     
   676.32766041849470     
   729.63212330558838     
   783.24016130662358     
   837.08997064974722     
   891.07366157335900     
   945.04444744061277     
   998.83414669957347     
   1052.2733585855087     
