   51.568544866584070     
   102.66798103341716     
   153.80595319319602     
   205.02199631566924     
   256.32405613963357     
   307.75130793875729     
   359.06756471759508     
   410.72828080995998     
   462.93763557953508     
   515.75702358796411     
   569.16381894177641     
   623.09930071354950     
   677.45203972387878     
   732.03725256580037     
   786.57468703183974     
   840.88826876781252     
   894.94168570585657     
   948.75203884649511     
   1002.2481180751049     
   1055.4470681762862     
