   52.768091567792560     
   105.16149124846048     
   157.55564471270927     
   210.00482664776573     
   262.54121544086939     
   315.14245975701215     
   367.77715907569410     
   420.32232774539642     
   473.14579063099262     
   526.35068616478509     
   579.96230236461554     
   633.95921187842760     
   688.29310198302824     
   742.87181467240964     
   797.54361751762224     
   852.06069624551026     
   906.17178352691224     
   959.98352548712887     
   1013.2467499793913     
   1065.9361668839390     
