   52.404381913935111     
   104.40832915788675     
   156.42092699137285     
   208.46960067233044     
   260.56428914839722     
   312.72228076473402     
   364.96457888262717     
   417.24106632347844     
   469.45644669147867     
   521.75249114263238     
   574.31201660506076     
   627.19849852068455     
   680.42645880422253     
   733.98446706506149     
   787.82455659029176     
   841.88431039405248     
   896.04583853852250     
   950.15835770375122     
   1004.0569203130887     
   1057.5503839399410     
