   51.952824004319332     
   103.43993704407181     
   154.93666682151209     
   206.47641124593932     
   258.05937530724566     
   309.73136632780648     
   361.47167769097996     
   413.26311727932364     
   464.92656752120314     
   516.69671268571540     
   568.78663633540305     
   621.28036149654656     
   674.18967616510474     
   727.50228148894007     
   781.17594670239305     
   835.12479182034508     
   889.24939224672198     
   943.40066049050381     
   997.42386245995533     
   1051.1923024780076     
