   51.172143236573312     
   101.89696634565058     
   152.65605841281655     
   203.48862008890012     
   254.41064415988006     
   305.44817177332675     
   356.41714072105952     
   407.66891390691740     
   459.42155628546158     
   511.73942914880354     
   564.60933367922360     
   617.97868436513193     
   671.75076865835786     
   725.76263083491995     
   779.73450769575095     
   833.45656582018580     
   886.92360542390361     
   939.93231618928337     
   992.24914340928967     
   1043.2741270762176     
