   52.453575366531275     
   104.48355405695278     
   156.55944325786999     
   208.72250726159518     
   260.98368899910110     
   313.20668567613797     
   365.57647733478871     
   418.46004343882180     
   471.93290913544490     
   525.97139909286784     
   580.50767180261698     
   635.42647413152463     
   690.46702376117878     
   745.27283719830734     
   799.88924661761564     
   854.27035169177429     
   908.52012395487543     
   962.67525259098386     
   1016.7597665206720     
   1070.8338197108073     
