   52.987991662376217     
   105.51517300276498     
   158.04088246798852     
   210.62301553838373     
   263.26767661179872     
   316.00583056338888     
   368.80259708360535     
   421.65075208005868     
   474.38321517161177     
   527.37430645169718     
   580.76767181295099     
   634.59583867276035     
   688.86018467688450     
   743.52878520420529     
   798.54103755790788     
   853.79536726636616     
   909.12048113996661     
   964.31766674176572     
   1019.2173652068582     
   1073.7874786413663     
