   52.371820228304173     
   104.34417230575174     
   156.31834051114220     
   208.33805382619653     
   260.41488957068321     
   312.55820112507149     
   364.74913432769114     
   416.99396648021605     
   469.12174106448163     
   521.43598349333195     
   574.07279448209022     
   627.06016023518885     
   680.40001745726136     
   734.06859305704381     
   788.02259132426650     
   842.17519554540888     
   896.38200817904078     
   950.43767401416301     
   1004.1692263389707     
   1057.5570849126786     
