   52.101209418176445     
   103.78369803939306     
   155.47528454298330     
   207.20415974620431     
   258.97825580924263     
   310.82552056487737     
   362.74868185691230     
   414.71528451502030     
   466.60974365919725     
   518.58049415483072     
   570.82770612174488     
   623.42217974228504     
   676.37513862674462     
   729.68231922762300     
   783.29289882959392     
   837.14505778935393     
   891.13097999144384     
   945.10386293954821     
   998.89548239556598     
   1052.3365477062246     
