   51.560764209122503     
   102.66301169075568     
   153.77392999239711     
   204.92524998478538     
   256.12504768240808     
   307.41277965986410     
   358.75672927100385     
   410.17410946738488     
   461.52436734674461     
   512.93053986499592     
   564.64210143871048     
   616.73830217564353     
   669.24495271351668     
   722.14285746337100     
   775.40735524809634     
   828.96352629845694     
   882.72429130798150     
   936.53583020144538     
   990.22518837361417     
   1043.6892231698637     
