   52.453575366531275     
   104.48355295029464     
   156.55944005474296     
   208.72250123293975     
   260.98367941658961     
   313.20667322846208     
   365.57645564693718     
   418.46000781213962     
   471.93285864999973     
   525.97133597278571     
   580.50760051221323     
   635.42640079177602     
   690.46695535570439     
   745.27278135982226     
   799.88921070080482     
   854.27034282015268     
   908.52014884051368     
   962.67531709134164     
   1016.7598771453529     
   1070.8339831092831     
