   52.289055979356419     
   104.17548981223354     
   156.07053731077812     
   208.00255532784627     
   259.97706803651198     
   312.01809112353646     
   364.13710338005313     
   416.29065103419777     
   468.35764330949485     
   520.51351391646176     
   572.93323244902331     
   625.68073532772621     
   678.77263237975842     
   732.19610982871257     
   785.90264216471348     
   839.82668776972139     
   893.85289657915359     
   947.83705564930460     
   1001.6173438078928     
   1055.0111945594626     
