   52.189274803094982     
   103.93852927380431     
   155.73436235908036     
   207.62398826791190     
   259.63120926294562     
   311.68269062711687     
   363.84369263636910     
   416.54077052828393     
   469.85476275602525     
   523.78210887032390     
   578.24832161418624     
   633.13697561893730     
   688.20051859452315     
   743.08023675434481     
   797.71366816949148     
   852.13152698345050     
   906.18350599202347     
   959.83272915920816     
   1013.0785671761255     
   1062.4515305162458     
