   51.558493072939598     
   102.64779784650413     
   153.77565529362792     
   204.98153430491288     
   256.27329334485279     
   307.69004814515722     
   358.99478027186149     
   410.64441991287413     
   462.84382719706412     
   515.65416068985462     
   569.05273800169937     
   622.98071093161002     
   677.32660856909308     
   731.90544322305084     
   786.43688727630160     
   840.74527833304933     
   894.79399200906960     
   948.60010197401164     
   1002.0925356209211     
   1055.2883909235263     
