   52.101209418176445     
   103.78967750438868     
   155.52176748256997     
   207.34303853240985     
   259.27261414039901     
   311.23250594260469     
   363.28893568756115     
   415.83208231613077     
   468.93671327784119     
   522.60297274339393     
   576.75958908188647     
   631.29281739583928     
   685.96905602734887     
   740.42847374845189     
   794.62180246848527     
   848.61017789677135     
   902.38463379191865     
   955.99843421003050     
   1009.4586292581967     
   1062.8774860911005     
