   52.859776681018481     
   105.33010292877326     
   157.80792144042888     
   210.32372071590316     
   262.88567981302612     
   315.49903632677490     
   368.19574003476242     
   420.92159935907426     
   473.54585828580281     
   526.29948005460597     
   579.30885683671079     
   632.63109894819809     
   686.28357981750514     
   740.24770979458640     
   794.48297208817701     
   848.90738131137891     
   903.39577670482743     
   957.77396132017486     
   1011.8837265839109     
   1065.5730249484268     
