   52.703945365548378     
   105.01254687606630     
   157.31263753691925     
   209.66313801922337     
   262.06882846789210     
   314.54125086416536     
   367.09765581124748     
   419.67456974989557     
   472.18893416324016     
   524.96760950623593     
   578.10553053459478     
   631.62451380036532     
   685.51633792006373     
   739.73525167034131     
   794.21686402878845     
   848.83536618256608     
   903.40391024932649     
   957.73446692678328     
   1011.6850604825709     
   1065.1193292020484     
