   52.107944074759750     
   103.79777668921676     
   155.50869269894545     
   207.28310740815624     
   259.16830563167173     
   311.11696270608451     
   363.02613563550358     
   415.09813801927061     
   467.59309725403443     
   520.57448066366726     
   574.04374741269760     
   627.96304598237941     
   682.24406601071860     
   736.75410811561483     
   791.23199568474115     
   845.37918635434607     
   899.28255837117683     
   952.60864726162742     
   1004.9432764455205     
   1054.1394236654908     
