   52.440547228938797     
   104.45677551844771     
   156.50693962600207     
   208.63820708346577     
   260.84622718039282     
   313.12608344725805     
   365.26268424620747     
   417.74955281361792     
   470.73711448181825     
   524.26004764607296     
   578.28435108903432     
   632.74340510327738     
   687.51807042058613     
   742.37450841133216     
   797.01701413888463     
   851.45381806769524     
   905.53439240515331     
   959.26014794556556     
   1012.5583390827586     
   1065.4476057953841     
