   51.564073440996431     
   102.66002319834229     
   153.84098382088959     
   205.15534317631003     
   256.57743387588170     
   308.04259376463585     
   360.17550945858818     
   413.08093824862249     
   466.71935693460017     
   521.01228028500941     
   575.76717818332475     
   630.64665817554067     
   685.32807902459365     
   739.92081885403650     
   794.48987195346660     
   849.17380880524036     
   904.01209636132592     
   959.03283035784909     
   1014.2699919329884     
   1069.6713119123694     
