   52.028930561748517     
   103.62098895359438     
   155.25895470839390     
   206.99168968629860     
   258.83996824245128     
   310.72049802853212     
   362.70297959735313     
   415.21244084040478     
   468.32810930011902     
   522.05202081627260     
   576.31180383795447     
   630.99332162318944     
   685.85290848916839     
   740.54754173644767     
   795.01194004924332     
   849.25274174096182     
   902.99675691708512     
   956.16156124924453     
   1007.2259805629920     
   1051.5215316710446     
