   52.672660844841445     
   104.91773926970482     
   157.17166205096521     
   209.46543960890307     
   261.80956495249234     
   314.21567161416260     
   366.71488885256548     
   419.24745725724540     
   471.69316687273152     
   524.25993122911882     
   577.11706083690331     
   630.33775122956217     
   683.93149840299623     
   737.88470037776301     
   792.15304103081235     
   846.65445184952080     
   901.26383526197446     
   955.82446378241639     
   1010.1665133690858     
   1064.1154350821835     
