   52.699741730235758     
   105.00412409406609     
   157.29998544596850     
   209.64623985791772     
   262.04766232898709     
   314.51571203212137     
   367.06762596760643     
   419.63987036674092     
   472.14919501862744     
   524.92300489369711     
   578.05648529826067     
   631.57129096985739     
   685.45930528302438     
   739.67479520663869     
   794.15327087028550     
   848.76888860542556     
   903.33470782551990     
   957.66267687804441     
   1011.6110689451041     
   1065.0431608918382     
