   52.197974906483530     
   103.94584804566438     
   155.69501390715700     
   207.50483381430024     
   259.41243341589063     
   311.42350651203600     
   363.48868497956926     
   415.44764187638060     
   467.73473485417111     
   520.51592025741400     
   573.82286096670737     
   627.63791392812811     
   681.91937554422179     
   736.57043095476536     
   791.45153843600929     
   846.31268132836237     
   900.88843615299606     
   955.26513888971851     
   1009.2730330866201     
   1062.9371252375208     
