   52.689116387846347     
   104.96613324059545     
   157.27356259561597     
   209.66236278064244     
   262.12797692021570     
   314.64570522734817     
   367.00688363242926     
   419.72545506911393     
   472.92921873066285     
   526.64600287949202     
   580.84093344830967     
   635.45049348342388     
   690.34240466480537     
   745.27348354328410     
   799.94320883373314     
   854.41159646883864     
   908.51562169789725     
   962.23285173469628     
   1015.5013540922569     
   1068.3378629401498     
