   51.881001282535706     
   103.30537473409595     
   154.82094110999114     
   206.47325491109143     
   258.11954551446519     
   310.10186458104755     
   362.85528065358653     
   416.43357841135088     
   470.76651502077061     
   525.70549193504576     
   580.96739541448312     
   636.09840935396107     
   691.18092201465231     
   746.23722247714772     
   801.38383248036416     
   856.65154165113745     
   912.09146104933461     
   967.71086533787980     
   1022.0897197540306     
   1069.6836431217475     
