   52.771401811699050     
   105.17273848003866     
   157.57299800329722     
   210.01253842312909     
   262.51387114173463     
   315.08413123978028     
   367.71941495161491     
   420.23687654704810     
   472.95320876624669     
   526.01725381246285     
   579.46318134989224     
   633.28668544942741     
   687.45190297712145     
   741.89025069357967     
   796.48345644195706     
   851.02561881411827     
   905.26610260940231     
   959.18045825388515     
   1012.4853029108175     
   1064.4293355613850     
