   52.906207221277349     
   105.39747003223806     
   157.88186987453807     
   210.41765777036264     
   263.03190114956567     
   315.73761567572467     
   368.50038696660334     
   421.19686435429003     
   473.99511051551775     
   527.13457325840352     
   580.69345623851916     
   634.68928636711473     
   689.09194516926721     
   743.84827411930257     
   798.86620527852722     
   853.97614411558345     
   908.93458088064153     
   963.54466291613085     
   1017.8701394910319     
   1071.8520652348843     
