   51.570393322003405     
   102.67279454216994     
   153.86018735102809     
   205.18125263231451     
   256.61004101770163     
   308.08203737304905     
   360.22078207133831     
   413.13115243355446     
   466.77350647335794     
   521.06950082863807     
   575.82704916311081     
   630.70932166846092     
   685.39335964421491     
   739.98819612090131     
   794.55822993063032     
   849.24091291507068     
   904.07508662117232     
   959.08597497682547     
   1014.3111648401720     
   1069.6970788333244     
