   52.658697418100694     
   104.92498486200324     
   157.18997067309655     
   209.49707023890014     
   261.86991203162444     
   314.31426668736185     
   366.82983275630039     
   419.22025146818550     
   471.82673298889239     
   524.81241117480897     
   578.21311825146154     
   632.02659863816382     
   686.21384008776226     
   740.71093309591924     
   795.39213955584978     
   850.05619957267243     
   904.47036520267727     
   958.56818871997837     
   1012.2730865615039     
   1065.4004358802188     
