   52.910498645714789     
   105.39201952375396     
   157.87238825889455     
   210.40436799196399     
   262.99604974667591     
   315.67329883501606     
   368.40145169627203     
   421.17638003470802     
   473.83728117430400     
   526.72589816598884     
   579.98064746733996     
   633.62969540514950     
   687.67068669348726     
   742.07741527849191     
   796.79186217710662     
   851.71371952369645     
   906.68411588439449     
   961.49277011647189     
   1015.9681966620569     
   1070.1255318561434     
