   52.225420645390699     
   103.99169566158196     
   155.80768706492339     
   207.72137969687947     
   259.73996043808103     
   311.72862074189806     
   363.86229589504023     
   416.56121747805287     
   469.91203346538498     
   523.90222318757776     
   578.45655692078049     
   633.46229127571382     
   688.65720656944347     
   743.70976096306106     
   798.63219978730058     
   853.30286219188213     
   907.63382116042055     
   961.52798167526760     
   1012.6760057599363     
   1057.3300971501455     
