   52.103810364464742     
   103.79042117171043     
   155.52108353651349     
   207.34148920334081     
   259.27241467240452     
   311.23846541668604     
   363.30279744936462     
   415.86262200657075     
   468.99417850171329     
   522.69660942600933     
   576.89818700162255     
   631.48397758775559     
   686.21883644550246     
   740.74242401877495     
   794.99898086961412     
   849.01781729218123     
   902.45619882306812     
   955.22438672010128     
   1005.9180853291733     
   1049.8331944065699     
