   52.663050871520063     
   104.93288116934232     
   157.19568979738543     
   209.50899645941794     
   261.89517437672743     
   314.36287823652822     
   366.87772217617135     
   419.32173348010167     
   471.85020326478383     
   524.69671052392630     
   577.92908813863585     
   631.56631747710730     
   685.57991274582491     
   739.92056261800417     
   794.50158055160250     
   849.15986041843655     
   903.66348947318124     
   957.81496770121998     
   1011.6679761646305     
   1065.1652012763864     
