   51.943331330392375     
   103.41207685181112     
   154.96456408901520     
   206.64232237106134     
   258.40869648874184     
   310.23759703977885     
   362.76260116049775     
   416.06914834357644     
   470.12620252315565     
   524.83847256510933     
   580.01029590999406     
   635.27048316604316     
   690.36094447235655     
   745.38307788666384     
   800.42895465612889     
   855.63643145398248     
   911.06042466640577     
   966.72401216800142     
   1022.6256066892959     
   1078.7591105283084     
