   52.226370397854851     
   104.00864189462996     
   155.78165407818747     
   207.61408700767291     
   259.52038236511891     
   311.50409163929049     
   363.54404034538442     
   415.48608571210320     
   467.50961525062195     
   519.90088113312152     
   572.74697995207055     
   626.05942478027271     
   679.81576394972456     
   733.96363319409841     
   788.42215906656770     
   843.02288995942320     
   897.56312710916586     
   951.89578723826298     
   1005.9603990370402     
   1059.8505299758065     
