   52.185080097202189     
   103.93008503725184     
   155.72166470141326     
   207.60698525476548     
   259.60980842945219     
   311.65680498037943     
   363.81343231989081     
   416.50649098720521     
   469.81692886602491     
   523.74104890387480     
   578.20433708370456     
   633.09036398114779     
   688.15152275780770     
   743.02901054619849     
   797.66049015810438     
   852.07662920117048     
   906.12712567275901     
   959.77504826899110     
   1013.0198114436478     
   1062.3909446507530     
