   51.654172302100569     
   102.84091030976587     
   154.07471185311195     
   205.41166393637124     
   256.87815886835307     
   308.39679112143216     
   359.99425362128704     
   412.17561127288531     
   465.01673984017850     
   518.52140120032823     
   572.63184414879220     
   627.22830340188625     
   682.09293403269510     
   736.87452992224576     
   791.47662825810937     
   845.87720669403609     
   900.03657857478311     
   953.91862214399782     
   1007.5010031885362     
   1058.2066986886007     
