   51.556361923323870     
   102.65861998496875     
   153.79776589126953     
   205.01311404090927     
   256.30903737272433     
   307.72244248195898     
   359.01645706404275     
   410.64384927359254     
   462.80008929221333     
   515.54163325644993     
   568.84477596265140     
   622.65099426919994     
   676.85068827738837     
   731.25976864674533     
   785.60214488052941     
   839.71480144566146     
   893.55552269141265     
   947.11883722467473     
   1000.3174090569248     
   1053.1651562292866     
