   52.103810364464742     
   103.79041971012289     
   155.52107922890849     
   207.34148122464251     
   259.27240234237490     
   311.23844892331817     
   363.30277067949214     
   415.86257746470540     
   468.99411459316616     
   522.69652906941747     
   576.89809670770683     
   631.48388623179039     
   686.21875484770555     
   740.74236400868722     
   794.99895371644379     
   849.01783376849994     
   902.45626672192793     
   955.22451291563766     
   1005.9182606738487     
   1049.8334131583345     
