   52.468662899375332     
   104.48219439779965     
   156.48615583657900     
   208.54547561084925     
   260.66344602211160     
   312.86589853933640     
   365.15427801960095     
   417.43292139080171     
   469.63235624518802     
   522.16196828986813     
   575.12139733874460     
   628.53690447188751     
   682.39653079400807     
   736.66029257118714     
   791.24984827639651     
   846.03463805748129     
   900.85288652046484     
   955.52417533463370     
   1009.8779374601411     
   1063.9555562897638     
