   52.774696911718465     
   105.17480860245583     
   157.57566801569831     
   210.03147266863036     
   262.57451193818548     
   315.18260115012498     
   367.82414909273399     
   420.37621390466762     
   473.20616691869679     
   526.41693692510933     
   580.03384368699506     
   634.03557818938475     
   688.37387748325898     
   742.95667373388926     
   797.63241165935608     
   852.15309355442719     
   906.26742927526664     
   960.08225008855925     
   1013.3482916669943     
   1066.0401983548511     
