   52.681189281590555     
   104.95933200678887     
   157.22815295101782     
   209.54344581806592     
   261.90570989397474     
   314.34222760319972     
   366.84459762799429     
   419.29540991232386     
   471.69890215722450     
   524.39151661782876     
   577.45236596302948     
   630.89513655422604     
   684.70821936460641     
   738.85500085582805     
   793.25681544645158     
   847.77870444334894     
   902.25139324778388     
   956.51231050293768     
   1010.4244673361396     
   1063.8180980893053     
