   52.853164904725823     
   105.33478981046812     
   157.81026749300256     
   210.33304666325790     
   262.92567279689098     
   315.59695077159591     
   368.31300454530367     
   420.96070767800535     
   473.69566137810961     
   526.72390042149482     
   580.10606205529768     
   633.86247842935234     
   687.96757091173788     
   742.36699584811458     
   796.97153155981823     
   851.62079573223139     
   906.08603722410953     
   960.14934659195001     
   1013.8892310947335     
   1067.2141324648676     
