   52.699741730235758     
   104.99110979302185     
   157.29090484907545     
   209.62874368807428     
   262.01536375643411     
   314.46106093925607     
   366.99637400762856     
   419.56515045108614     
   472.06068720239682     
   524.66238403708473     
   577.53594079542370     
   630.75058992013999     
   684.31752781330044     
   738.22100805151581     
   792.41863976903687     
   846.83126805457357     
   901.33842911120621     
   955.77666377485411     
   1009.9783918593077     
   1063.7657550549743     
