   52.445433353033067     
   104.46656504810852     
   156.52163741042608     
   208.65787961128387     
   260.87088332592111     
   313.15597147150083     
   365.29843769704564     
   417.79092293035256     
   470.78369029203265     
   524.31130923810633     
   578.33989487279712     
   632.80278595908453     
   687.58098461025497     
   742.44070032693332     
   797.08624230510816     
   851.52571383851603     
   905.60865938395045     
   959.33654875181492     
   1012.6365611966053     
   1065.5273471837008     
