   51.560764209122503     
   102.65345401647664     
   153.83112460182707     
   205.14218657653984     
   256.56081548604948     
   308.02211311759589     
   360.15105171803481     
   413.05247793865357     
   466.68690097235469     
   520.97585858004402     
   575.72697225049228     
   630.60328348322139     
   685.28220141703821     
   739.87272353638298     
   794.43906572991102     
   849.11852178796551     
   903.94998044476938     
   958.95861274883055     
   1014.1820071390865     
   1069.5667160383487     
