   52.768091567792560     
   105.16148381191907     
   157.55562292287487     
   210.00478497530889     
   262.54114997738577     
   315.14236705883286     
   367.77703994023454     
   420.32216513813160     
   473.14552777655422     
   526.35030856499270     
   579.96182293002471     
   633.95866421197513     
   688.29253036175612     
   742.87126578112304     
   797.54314216727823     
   852.06033176055075     
   906.17156056140414     
   959.98346810970145     
   1013.2468774822140     
   1065.9364899080156     
