   51.637427023084115     
   102.81695224604728     
   154.09076254589911     
   205.50730093221711     
   256.93994126521761     
   308.66993557179165     
   361.16430168314059     
   414.48224237313457     
   468.55532351079808     
   523.24671166127825     
   578.28232169197020     
   633.21792387561220     
   688.08862888106410     
   742.91804714952502     
   797.85518834923687     
   852.93808897217627     
   908.21520429396583     
   963.69411088028710     
   1019.2714547928314     
   1068.5829309066996     
