   52.198329793445886     
   103.92699175879821     
   155.66589055901756     
   207.44594492999926     
   259.27997214586162     
   311.19279910383034     
   363.19753846174456     
   415.24778789893770     
   467.22659303195417     
   519.30517969923119     
   571.70968546175936     
   624.52515415615130     
   677.75995694617245     
   731.41197590608886     
   785.42649028135122     
   839.72680582391854     
   894.20841408356853     
   948.71149860981086     
   1003.0749684315099     
   1057.1313678064846     
