1.494830e-04
1.498502e-03
4.741329e-03
8.434596e-03
1.125115e-02
1.299139e-02
1.395962e-02
1.447064e-02
1.473434e-02
1.486662e-02
1.493609e-02
1.496942e-02
1.498607e-02
1.499328e-02
1.499719e-02
1.499860e-02
1.499947e-02
1.499982e-02
1.499992e-02
1.499997e-02
1.499999e-02
1.500000e-02
1.500000e-02
1.500000e-02
1.500000e-02
1.500000e-02
1.500000e-02
1.500000e-02
1.500000e-02
1.500000e-02
1.500000e-02
1.500000e-02
1.500000e-02
1.500000e-02
1.500000e-02
1.500000e-02
1.500000e-02
1.500000e-02
1.500000e-02
1.500000e-02
1.500000e-02
1.500000e-02
1.500000e-02
1.500000e-02
1.500000e-02
1.500000e-02
1.500000e-02
1.500000e-02
1.500000e-02
1.500000e-02
1.500000e-02
1.500000e-02
1.500000e-02
1.500000e-02
1.500000e-02
1.500000e-02
1.500000e-02
1.500000e-02
1.500000e-02
1.500000e-02
1.500000e-02
1.500000e-02
1.500000e-02
1.500000e-02
1.500000e-02
1.500000e-02
1.500000e-02
1.500000e-02
1.500000e-02
1.500000e-02
1.500000e-02
1.500000e-02
1.500000e-02
1.500000e-02
1.500001e-02
1.500001e-02
1.500001e-02
1.500001e-02
1.500002e-02
1.500004e-02
1.500007e-02
1.500011e-02
1.500022e-02
1.500022e-02
1.500026e-02
1.500036e-02
1.500039e-02
1.500039e-02
1.500051e-02
1.500055e-02
1.500060e-02
1.500068e-02
1.500097e-02
1.500108e-02
1.500120e-02
1.500135e-02
1.500216e-02
1.500233e-02
1.500249e-02
1.500266e-02
