   104.35268827725139     
   208.14653242273911     
   312.23350187255767     
   416.53936877582032     
   521.86910087896536     
   627.87368099638729     
   732.11508981003806     
   831.24053869310649     
   930.52980859929278     
   1031.5363656903864     
   1129.7798972487124     
   1216.4679188158977     
   1301.6174669408094     
   1384.1255454984907     
   1468.2034404205031     
   1553.6457195018613     
   1640.3772333678553     
   1728.3944031171386     
   1817.7009696997620     
   1908.2958945188536     
