   3.7603700549051143E-031
   7.5014035002709423E-031
   1.1248777068227201E-030
   1.4990840362040374E-030
   1.8771656897451654E-030
   2.2584363328819750E-030
   2.6391625526531029E-030
   3.0104749913703034E-030
   3.3774503193923677E-030
   3.7459871044313270E-030
   4.1188632595662041E-030
   1.1602605209763755E-003
   10.437316866962799     
   27.774318563435941     
   50.347524020544782     
   76.335167182379735     
   103.76355636559721     
   132.64223378888721     
   162.89653971703149     
   194.43117936588925     
