   7.7426250851967010E-031
   1.5429046805160824E-030
   2.3147407929187514E-030
   3.0894981336831636E-030
   3.8782534674732132E-030
   4.6818755830624357E-030
   5.4925274802368123E-030
   6.2873968988508065E-030
   7.0747534204535844E-030
   7.8713064385951625E-030
   8.6788843695334389E-030
  0.80096433217997154     
   13.949177300147049     
   32.266202828459157     
   54.563374696091245     
   80.271126087177549     
   107.39268701695048     
   135.79233898672950     
   165.43223672731369     
   196.23306563759994     
