   100.63852235918924     
   200.99276043042076     
   301.92804279227806     
   403.96513136837410     
   502.73025742049822     
   600.18210127637792     
   699.93660415401109     
   799.37141124656387     
   887.06460250081795     
   970.81018251929652     
   1055.6030897170231     
   1138.7688107334143     
   1223.6186417415274     
   1310.0663281535801     
   1398.0583909961738     
   1487.5717282492344     
   1578.5949479091000     
   1671.1097666261533     
   1765.0915329813920     
   1860.5088999108123     
