   0.0000000000000000     
   0.0000000000000000     
   0.0000000000000000     
   0.0000000000000000     
   0.0000000000000000     
   0.0000000000000000     
   0.0000000000000000     
   0.0000000000000000     
   0.0000000000000000     
   0.0000000000000000     
   0.0000000000000000     
   7.4218980013496297E-008
   11.024605528568094     
   26.893114066879203     
   46.353469842657304     
   70.124968838418042     
   95.423419427822083     
   122.00689571244914     
   149.81274565895424     
   178.76268300164264     
