   90.125995684853237     
   179.69871635573810     
   269.35467085172559     
   359.18154828657197     
   449.07263711930580     
   538.82300569510573     
   628.94096079733765     
   719.55143717977865     
   810.44789109502062     
   901.08052311394124     
   990.09271197344219     
   1076.3960466066990     
   1161.2495948206297     
   1245.2917944698788     
   1321.2477547484773     
   1390.2511792021239     
   1457.3682143108222     
   1524.9990737621540     
   1593.1485712640499     
   1661.8672228045698     
