   93.628085076571111     
   186.69791383736933     
   279.99573501972907     
   373.49798351322539     
   467.41899308517111     
   562.24549438748113     
   657.65677470240439     
   752.11868651406667     
   842.80829574958489     
   932.13231937979617     
   1011.6660981086309     
   1084.7263187709975     
   1156.5770488507492     
   1227.7161775958120     
   1299.1127742649160     
   1371.6273827009943     
   1445.2109854080463     
   1519.8978125763492     
   1595.7007087588850     
   1672.6223536148325     
