   9.3192013142184960E-031
   1.8578816526111311E-030
   2.7849648294823167E-030
   3.7138023533141510E-030
   4.6443650814459881E-030
   5.5750041427359539E-030
   6.5097478491620719E-030
   7.4501747035243323E-030
   8.3946843660240802E-030
   9.3367569792433759E-030
   1.0261169908542488E-029
   1.1146334052949390E-029
   5.4185972248267612E-004
   9.1749550381104150     
   26.703989294712834     
   48.073684055970020     
   72.114745403243106     
   97.963364447871314     
   125.51843274802786     
   154.54235705816842     
