   1.6027988233751660E-030
   3.1996562112660681E-030
   4.8001117095430046E-030
   6.4206986925507730E-030
   8.0464281121381127E-030
   9.6185819823261028E-030
   1.1179907233845196E-029
   1.2768013789272593E-029
   1.4380611903959942E-029
   2.3425609353915768E-002
   13.715320883293941     
   32.032850639073956     
   55.193181539602008     
   83.994412833220125     
   114.42134322535831     
   146.38805913500585     
   179.86819532277207     
   214.81081925634746     
   251.11499627899744     
   288.68352545023697     
