   89.488363284244215     
   178.24217570638635     
   267.14473450880143     
   356.24951954707103     
   445.60292079925892     
   535.04323597016867     
   625.25289020647358     
   716.40144179008496     
   808.31675363210093     
   900.35863512244725     
   991.04877697198742     
   1078.4863974304064     
   1165.1846660261267     
   1252.3050601420157     
   1340.0181499517769     
   1418.3882329206515     
   1491.3593695188872     
   1561.9777518985779     
   1633.4034148391577     
   1705.5627774346221     
