   96.832283023209669     
   193.12686477109600     
   289.52771413288048     
   386.07201921687931     
   482.79967379961982     
   579.53510938629620     
   676.61968569265343     
   774.14200186628034     
   871.85250108735011     
   968.95404624709624     
   1063.7550367427284     
   1154.0488361445255     
   1242.7965399725526     
   1328.8783513780193     
   1401.2522308817950     
   1470.7276624490639     
   1540.5690865912318     
   1611.0741752811841     
   1682.2351391718703     
   1754.1359610299683     
