   89.838965250978504     
   179.23429122789472     
   268.87489251034276     
   358.65738166904390     
   449.26348474908752     
   540.62407482048843     
   631.46336817438396     
   718.91237995845961     
   805.23311535871846     
   891.94354621114985     
   979.31263786926638     
   1056.8020303080057     
   1128.9340690860906     
   1200.3091048084921     
   1269.7138247395364     
   1340.3173661107287     
   1411.9040749693334     
   1484.4984640310101     
   1558.0897553827631     
   1632.6805399687285     
