   1.0074728969313715E-030
   2.0071038191956065E-030
   3.0077180502795045E-030
   4.0099597171168208E-030
   5.0141700090557653E-030
   6.0196101893177738E-030
   7.0283403700603775E-030
   8.0463663783045390E-030
   9.0749254316899920E-030
   1.0113596219962872E-029
   1.1160793182390322E-029
   1.2213153210541965E-029
   1.3263379665073517E-029
   1.4303905072477268E-029
   1.5337273090189279E-029
   1.6364192061709200E-029
   1.7385240504231391E-029
   1.8402024776229364E-029
   1.5861061918304967E-015
   2.0346972204515246     
