   0.0000000000000000     
   0.0000000000000000     
   0.0000000000000000     
   0.0000000000000000     
   0.0000000000000000     
   0.0000000000000000     
   0.0000000000000000     
   0.0000000000000000     
   0.0000000000000000     
   0.0000000000000000     
   7.5111228145274609     
   22.078630756891808     
   41.606151457304826     
   66.132310630970920     
   93.019325000309777     
   121.50192214344794     
   151.44472108350422     
   182.76542028716614     
   215.35320705810270     
   249.10993080409870     
