   70.518498206708941     
   140.27819631989072     
   210.16351828135993     
   280.26505036419184     
   350.62277357481821     
   421.06132874491738     
   492.28283356354490     
   564.63132554697575     
   638.12802814516965     
   712.57544999471691     
   787.62209291197928     
   862.30488019732945     
   935.84160250974492     
   1008.8663107416202     
   1082.1448303529939     
   1154.5722388575598     
   1216.7340906512393     
   1277.2147489075460     
   1336.2824941462286     
   1395.8057352176725     
