   89.669041070148992     
   178.91432399756928     
   268.65329186137336     
   360.42128178240034     
   452.93351325784090     
   543.24407127133782     
   634.16649848999782     
   718.40186148466773     
   797.94845439765095     
   875.29856206440650     
   952.25799143313634     
   1028.5349519965362     
   1105.4589917337914     
   1183.8685378318380     
   1263.6141214833260     
   1344.6896367855491     
   1427.0973992135280     
   1510.8284795363199     
   1595.8634268037899     
   1682.1744911553039     
