   69.539861511797540     
   138.36283060373881     
   207.29550433980961     
   276.40820371991282     
   345.72012758326889     
   415.16198488087218     
   485.17831303366813     
   556.20063584244360     
   628.26888461145734     
   701.27636301929260     
   774.90772125856017     
   848.53273111517115     
   921.10991505746870     
   992.84731162201172     
   1064.6734727737596     
   1137.0078147848949     
   1209.9519458032623     
   1275.8015434808563     
   1336.1208119015143     
   1394.2504574511918     
