   86.350941768540750     
   172.43318677891699     
   258.16607757948657     
   344.21765271437675     
   430.15568506786570     
   514.37087388847840     
   597.34685846778552     
   679.39382693438324     
   752.39520015073208     
   820.15650235975568     
   885.60915650715106     
   951.18749611222290     
   1016.9901187188351     
   1082.8843279871469     
   1149.9395028551446     
   1218.1046999696082     
   1287.3687869411640     
   1357.7375756987681     
   1429.2110579160503     
   1501.7804631175484     
