   76.244381921624068     
   151.71316228059035     
   227.33181134298198     
   303.17049162806001     
   379.25583970908087     
   455.49004250632521     
   532.62167487587317     
   610.90335169309094     
   690.28256602058809     
   770.53188784253257     
   850.89439386558706     
   930.18507851558024     
   1007.8037599909741     
   1085.4338784220704     
   1163.5972184447203     
   1235.0389875086953     
   1299.9416261356860     
   1362.5034332965697     
   1425.5939972408228     
   1489.3162208648155     
