   3.4790295301141944E-031
   6.9325827529080791E-031
   1.0390567680026288E-030
   1.3853752932359311E-030
   1.7323290491828465E-030
   2.0787192344888788E-030
   2.4269458795597415E-030
   2.7779523841950442E-030
   3.1316611510180721E-030
   3.4872611913766475E-030
   3.8422057378875719E-030
   4.1907730244135658E-030
   4.5328638219454959E-030
   4.8715125855591011E-030
   5.2090258113380223E-030
   1.5515152867408847E-004
   6.6583274356366218     
   21.793796333293770     
   41.510054847247631     
   62.453417056987362     
