   9.8344378011559180E-031
   1.9641094549735208E-030
   2.9504485515523144E-030
   3.9475483494455903E-030
   4.9127484907616489E-030
   5.8653798619847431E-030
   6.8409456828155451E-030
   2.4642259985251491     
   18.940902489938189     
   41.610692228729093     
   68.089442282604054     
   100.51441393814811     
   135.40994186499773     
   172.38278195578275     
   211.29738611855640     
   252.00754143396875     
   294.37132481796846     
   338.26683202200235     
   383.58833890008600     
   430.24424405267365     
