   2.3611215833184058E-030
   4.7062113524561009E-030
   7.0537293263153051E-030
   9.4057450069608404E-030
   1.1748984990291824E-029
   1.4101446866200786E-029
   1.6472375478726203E-029
   1.8861294493928382E-029
   2.1255927352982238E-029
   2.3627326032655231E-029
   2.5938815759505938E-029
   2.8225599786004261E-029
   3.0512449489428308E-029
   3.2796621495661464E-029
  0.11030653492663134     
   9.6624277352670376     
   29.557961327113702     
   52.372536653803543     
   76.636995501784114     
   102.44237159109289     
