   95.429976060588999     
   190.53365439406804     
   285.79502699420539     
   381.10142571128091     
   476.79291550963836     
   572.59078783170230     
   666.69599834200005     
   756.91302512272466     
   845.69420677570076     
   934.47764710630588     
   1023.6994397658700     
   1113.2857369022170     
   1189.8478884405497     
   1262.7078920342785     
   1333.4088119624007     
   1404.9704404424008     
   1477.6725150112975     
   1551.4160045705326     
   1626.1667821273170     
   1701.9229707447396     
