   92.346831446320110     
   184.31971324699015     
   276.31642581091938     
   367.86490206818297     
   459.76837725186346     
   551.66611517945717     
   641.86671710737289     
   730.16148222255049     
   817.25550584654377     
   903.63993456011849     
   980.82287108857565     
   1051.8288648614512     
   1121.3646487694893     
   1191.0177211138450     
   1261.5505256655076     
   1333.1122186096829     
   1405.6079465686200     
   1479.1101858945055     
   1553.6753501483840     
   1629.3125041131455     
