   87.097986112704831     
   173.76209482127473     
   260.48559508819807     
   347.33173466190954     
   434.20004634043107     
   520.92614752347606     
   607.93034816454531     
   695.20548362486909     
   782.55081601390577     
   869.36344134260912     
   954.22903898119478     
   1036.8474475876947     
   1118.1627009940316     
   1198.6995140611627     
   1278.5517781235985     
   1351.2028912216208     
   1417.4868840817196     
   1480.9081286008313     
   1545.1143721767894     
   1609.9594541384574     
