   1.1313169452293386E-030
   2.2553118603508299E-030
   3.3847929735692941E-030
   4.5269513722022147E-030
   5.6939674542488273E-030
   6.8770044411641906E-030
   8.0393321389798093E-030
   9.1944594978933232E-030
   1.8807110213464325E-015
   11.289528745578501     
   26.206585765905107     
   45.404980804146795     
   68.893367341653217     
   93.940669917665900     
   121.48876272953365     
   150.39767904485657     
   180.69280242978476     
   212.26070384812735     
   244.99951042029844     
   278.82224801018629     
