   4.6594850233438803E-031
   9.2689671425575415E-031
   1.3888518970429712E-030
   1.8525096834022191E-030
   2.3178370786073844E-030
   2.7852984644840578E-030
   3.2607224511503325E-030
   3.7448344066483515E-030
   4.2367987622926939E-030
   4.7347184359600812E-030
   5.2335934479938245E-030
   5.7259871544936713E-030
   6.2149453906490541E-030
   6.7073840116146875E-030
   7.2064471266788060E-030
   5.6810496791231620E-021
   2.9879598195171249     
   16.891621196244415     
   36.182755721094530     
   57.827413248124451     
