   0.0000000000000000     
   0.0000000000000000     
   0.0000000000000000     
   0.0000000000000000     
   0.0000000000000000     
   0.0000000000000000     
   0.0000000000000000     
   0.0000000000000000     
   0.0000000000000000     
   0.0000000000000000     
   0.0000000000000000     
   0.0000000000000000     
   0.0000000000000000     
   2.6268912278717738E-010
   4.9764349587493228     
   19.287811908255009     
   42.127957879038014     
   66.895942622944517     
   93.219951911088998     
   121.07158566722974     
