   72.317803267070275     
   144.01188280282216     
   215.74809076507296     
   287.59167090312860     
   359.57237085633824     
   431.71425470878307     
   503.95607651634424     
   576.37736326419497     
   649.38045149293055     
   723.04838147038208     
   797.38356952024571     
   872.23446884763314     
   947.30912293006600     
   1022.0297921797985     
   1095.6004865192619     
   1167.9041110837663     
   1239.7907987715332     
   1311.5379669108424     
   1383.3737214729654     
   1454.6701091250056     
