   0.0000000000000000     
   0.0000000000000000     
   0.0000000000000000     
   0.0000000000000000     
   0.0000000000000000     
   0.0000000000000000     
   0.0000000000000000     
   11.249214586058100     
   26.508170930573428     
   46.511063970494988     
   69.389530081381167     
   95.732257289406888     
   125.12239489896133     
   156.34039031860598     
   189.32098393495059     
   223.94449228433072     
   260.06387915284029     
   297.56213243550923     
   336.34205925006955     
   376.32226272079549     
