   83.882859821529820     
   167.18497267782925     
   250.74730023849401     
   334.41275836476592     
   419.09343670465569     
   505.09423392634579     
   591.94890233411411     
   678.05510225719490     
   761.89537188809754     
   845.61668197598772     
   929.10011332514557     
   1001.3200708916587     
   1070.4419257376260     
   1138.1309372645831     
   1206.0951942641389     
   1274.8976172327643     
   1344.7142824807220     
   1415.5060817558290     
   1487.2783344039310     
   1560.0326832295277     
