   1.2524926797141065E-030
   2.4998938730207771E-030
   3.7487092084899456E-030
   4.9995513104098145E-030
   6.2508612984136559E-030
   7.5073316789650489E-030
   8.7672794972420796E-030
   1.0022105222684110E-029
   1.1243042112352176E-029
   1.2426842086280470E-029
   1.8727765945679213E-006
   8.8882410385725361     
   22.838063081560225     
   40.094339877764334     
   60.480171085481530     
   83.808903914511845     
   108.58772785465160     
   134.78497735102408     
   162.28778514823026     
   190.98914622941481     
