   86.903137886865252     
   173.34707990083297     
   260.10288146716994     
   347.40987471004024     
   435.96614501975023     
   525.05794958717001     
   611.59824428024592     
   696.95428233733514     
   783.21161221341174     
   870.49765117774257     
   958.89231951344709     
   1035.3025876805373     
   1107.9443747459807     
   1180.3733206389363     
   1250.6636177853554     
   1322.2928240385756     
   1395.0395060809713     
   1468.8163319653809     
   1543.5920253608681     
   1619.3700280551770     
