   91.166143036585979     
   181.87864469214301     
   272.75518545352651     
   363.64553106604927     
   454.63922270117763     
   546.13771225979895     
   637.89043882558781     
   728.85441411789816     
   816.91205614101671     
   903.30252994137209     
   989.20699670264810     
   1075.2750499638471     
   1155.1473246962355     
   1225.4003528403446     
   1293.9270524527533     
   1363.2043581209275     
   1433.2820818030132     
   1504.1699170844608     
   1575.8872995759618     
   1648.4827731155592     
