   61.104773755800565     
   121.67429801872223     
   182.46835104621101     
   243.53259347900104     
   305.56814249116184     
   369.04257712818531     
   433.86351264604002     
   499.56756184667910     
   564.99002867348133     
   630.33311952007318     
   695.84237889093640     
   761.13357674884151     
   817.35493880408103     
   871.11935313205663     
   923.69000945510959     
   975.01641005983743     
   1027.4135785004344     
   1079.7006727253070     
   1132.6382512962055     
   1186.2160793780197     
