   0.0000000000000000     
   0.0000000000000000     
   0.0000000000000000     
   0.0000000000000000     
   0.0000000000000000     
   0.0000000000000000     
   0.0000000000000000     
   0.0000000000000000     
   0.0000000000000000     
   7.1068448863452591     
   17.418168082075852     
   31.304689583331648     
   47.481256480490757     
   67.061410512113937     
   87.425830327455060     
   110.23812460208613     
   134.11183324278738     
   159.10338088466594     
   185.14600538776887     
   212.16119365407872     
