   73.238483520907280     
   146.09546271809265     
   218.98070626977588     
   291.91742758634194     
   364.95190044851108     
   438.00770543382862     
   510.92975040497367     
   584.06764520500610     
   657.49443535745900     
   731.20389229092871     
   805.07964098229081     
   878.84141439868790     
   951.91469013794824     
   1023.4445473749774     
   1093.9984495350511     
   1163.5834232977584     
   1232.4663474817878     
   1300.7844724027163     
   1368.6043380769215     
   1430.3955509885768     
