   91.014900355676929     
   181.69241421761629     
   272.57406739983168     
   364.59852012583201     
   456.91445258331572     
   546.19357945962838     
   634.87121612785018     
   725.08142379360527     
   816.70784976663890     
   909.71521344285543     
   990.30071691937576     
   1067.7272238051912     
   1143.9442170499638     
   1218.0890268949940     
   1293.7928318418399     
   1370.8361506576582     
   1449.0912876011803     
   1528.4855178560674     
   1609.0065549035655     
   1690.6502052572498     
