   94.208594247058244     
   188.16333163707958     
   282.23730234005069     
   376.93458472820981     
   470.27504707992551     
   560.61580789239076     
   650.01003756928537     
   727.56084292643118     
   800.90690826644391     
   872.53365522533306     
   945.16495418838122     
   1017.5040739287398     
   1090.2675140163346     
   1164.4162862009948     
   1239.8767102713778     
   1316.6417372020433     
   1394.7266023136001     
   1474.1334196248147     
   1554.8526702911593     
   1636.8664171235282     
