   0.0000000000000000     
   0.0000000000000000     
   0.0000000000000000     
   0.0000000000000000     
   0.0000000000000000     
   0.0000000000000000     
   0.0000000000000000     
   0.0000000000000000     
   0.0000000000000000     
   0.0000000000000000     
   4.3761634933618565E-028
   4.4655658736053123     
   19.759170492805517     
   40.369699273890554     
   66.005490197974908     
   93.409612464498636     
   122.54639058221008     
   153.27434820099930     
   185.45648823845067     
   218.97209693931390     
