   76.442616104201520     
   152.28063746307149     
   228.24393883631330     
   304.40108836372855     
   380.70894115473362     
   457.18579709357414     
   534.39820489106262     
   612.46598562887471     
   691.24443750646435     
   770.34223561450813     
   848.62821413792130     
   925.17075778691583     
   1000.8851001576570     
   1076.4948336268608     
   1152.3037686540301     
   1221.8480306606823     
   1283.6486639730440     
   1343.5493922894195     
   1404.1124232423774     
   1465.1829216396716     
