   0.0000000000000000     
   0.0000000000000000     
   0.0000000000000000     
   0.0000000000000000     
   0.0000000000000000     
   0.0000000000000000     
   0.0000000000000000     
   0.0000000000000000     
   0.0000000000000000     
   2.9586514773710079E-004
   11.978848659099340     
   30.118908545734350     
   54.258163742870650     
   82.173549850035158     
   112.36918833809310     
   144.61299798148306     
   178.67949982938507     
   214.40038849101774     
   251.62893148959859     
   290.25246698673146     
