   75.499983012751386     
   150.30917755483486     
   225.24434853653588     
   300.38055098210896     
   375.70465507835576     
   451.16045908945051     
   527.30149607395606     
   604.41015286765253     
   682.44523030504195     
   761.21717262963818     
   840.10315778645395     
   917.87512599103673     
   994.02198510131939     
   1069.2974867360599     
   1136.2737896899996     
   1197.0311178230202     
   1256.5323327867445     
   1315.7944598043928     
   1375.5524262506829     
   1435.8779643559192     
