   4.2624316376474226E-031
   8.5011943554244965E-031
   1.2744634848346000E-030
   1.6994390130016103E-030
   2.1252216771915738E-030
   2.5510394712887141E-030
   2.9783955249708869E-030
   3.4076798602069610E-030
   3.8377946431470544E-030
   4.2652322380764790E-030
   4.6825396861012922E-030
   5.0799780569443922E-030
   5.4707231666142011E-030
   1.6135660656055191     
   15.417501960533551     
   35.966992015523147     
   59.280881065164209     
   84.395882042791541     
   111.23320729213967     
   139.60798847590311     
