   0.0000000000000000     
   0.0000000000000000     
   0.0000000000000000     
   0.0000000000000000     
   0.0000000000000000     
   0.0000000000000000     
   0.0000000000000000     
   0.0000000000000000     
   0.0000000000000000     
   0.0000000000000000     
   0.0000000000000000     
   7.7425495419096973E-013
   6.1837905042129027     
   22.428468376032693     
   44.375745681031660     
   68.727353998984711     
   94.874475951433467     
   122.65932700872816     
   151.93960841989164     
   182.56722969842366     
