   2.0610097133620421E-031
   4.1086570961452292E-031
   6.1597742109541683E-031
   8.2153567350625922E-031
   1.0271824916517654E-030
   1.2347980710650863E-030
   1.4444518710804669E-030
   1.6549146431663809E-030
   1.8630399957822395E-030
   2.0658007698078734E-030
   2.2660917484610363E-030
   3.9545647914918236     
   16.681852863474443     
   34.084542252886258     
   55.604077015052980     
   79.761261848370751     
   105.52802316252269     
   132.79228300041703     
   161.40110199523139     
   191.23623514406574     
