   3.1148832453190020E-030
   6.2053787362222090E-030
   9.3112431409896229E-030
   1.2444762575636774E-029
   1.5656031564758223E-029
   1.8936560744226756E-029
   2.2227555164796624E-029
   2.5456357839782142E-029
   2.8701611701513257E-029
   5.5618821257496460     
   19.318574111364864     
   38.093843797802606     
   61.483149998380817     
   87.106902499635126     
   115.14632313541711     
   144.63844548010019     
   175.56302188779534     
   207.80234749051979     
   241.24525441933719     
   275.80025532518664     
