   111.13610746712612     
   221.75412522013022     
   332.62200065709476     
   443.58768821546062     
   555.23529105064267     
   667.29031935697969     
   777.04326976313132     
   880.82213163528627     
   983.70568046769131     
   1087.9491602794039     
   1189.1916204724841     
   1277.8348127672937     
   1364.0539196060374     
   1449.5366439759914     
   1536.5429701105163     
   1624.9156229373634     
   1714.6255549690227     
   1805.6923115605841     
   1898.1260372231329     
   1991.9230896710867     
