   1.8685562587899125E-031
   3.7197609536250908E-031
   5.5726644723031578E-031
   7.4289731955061977E-031
   9.2894111294155194E-031
   1.1155263220369789E-030
   1.3022333419069353E-030
   1.4902723668266424E-030
   1.6803821655532515E-030
   1.8725815622108132E-030
   2.0665488334019467E-030
   2.2615278185946603E-030
   2.4557551739296513E-030
   2.6466396640395461E-030
   2.8341080250073632E-030
   3.0211277287799303E-030
   3.2087083612725664E-030
   5.0385796448754033E-018
   2.3618097048537727     
   14.259626278555237     
