   104.35763806052495     
   208.26357277016086     
   312.32363540045941     
   416.09833225585930     
   520.18006229939124     
   624.31786756720157     
   727.05254639851739     
   825.51971391011557     
   921.95939850890829     
   1017.8711921353880     
   1103.0982342102000     
   1182.0940878104666     
   1259.2814932138219     
   1337.3498197415456     
   1416.4788965468604     
   1496.6779707574856     
   1578.0331879636706     
   1660.6141905239078     
   1744.4416072348390     
   1829.5253855622948     
