   3.3430535942274067E-031
   6.6566283211787749E-031
   9.9749216435747829E-031
   1.3301082474649813E-030
   1.6637340065451068E-030
   1.9975984058909599E-030
   2.3337876335140930E-030
   2.6738362951124172E-030
   3.0177827078915052E-030
   3.3647772309763303E-030
   3.7129746338135861E-030
   4.0569756301804971E-030
   4.3935420578416949E-030
   4.7265726713381817E-030
   3.3525727586659024E-018
   4.6552168974060670     
   18.924314632867528     
   37.885235821222558     
   58.724856827353108     
   80.952096653037145     
