   0.0000000000000000     
   0.0000000000000000     
   0.0000000000000000     
   0.0000000000000000     
   0.0000000000000000     
   0.0000000000000000     
   0.0000000000000000     
   0.0000000000000000     
   0.0000000000000000     
   0.0000000000000000     
   0.0000000000000000     
   0.0000000000000000     
   1.5103609733079690E-016
   6.8915586167108636     
   21.515548699366509     
   40.115373381607533     
   63.746279379160391     
   88.473630993711254     
   114.45073760847940     
   141.60150279665106     
