   1.3902394757437003E-030
   2.7727026767055085E-030
   4.1557178245278185E-030
   5.5400259868380112E-030
   6.9260358932325844E-030
   8.3140586454790148E-030
   9.7025097766569332E-030
   1.1092860292821540E-029
   1.2488716791069066E-029
   1.3891237295816791E-029
   1.5300220337166778E-029
   1.6713298501357872E-029
   1.8125556054575741E-029
   1.9527485924039634E-029
   2.0903740835426972E-029
   2.2253039979161009E-029
   2.3572395557772487E-029
   1.1600913042186535E-002
   5.8016736479956590     
   17.039199067480183     
