   2.2352274953177539E-030
   4.4616675283772291E-030
   6.6906652617174138E-030
   8.9225317981731054E-030
   1.1154057068586746E-029
   1.3393888131573527E-029
   1.5641267093575310E-029
   1.7884703469830416E-029
   2.0094009844580927E-029
   2.2237005052817570E-029
   2.4346564372956852E-029
   2.6425817161528541E-029
   5.9116766911397862E-009
   5.7673684596367494     
   18.249270058280906     
   34.221664628990318     
   54.507029760155568     
   76.186066361993227     
   99.204540583826059     
   123.41791683633640     
