   1.7802857684034494E-030
   3.5513835268744114E-030
   5.3244111876584512E-030
   7.0995261448261717E-030
   8.8698444715793898E-030
   1.0643163600288752E-029
   1.2422633309468091E-029
   1.4202207857043922E-029
   1.5962729633634853E-029
   1.7662722939492374E-029
   1.9319452896955633E-029
   2.1019905584139686E-029
   4.0375972484128386     
   17.639898773350993     
   39.665713605673815     
   64.154974448198033     
   90.652392646625287     
   119.11668282301724     
   149.35816414461848     
   181.23585173445397     
