   64.156044964398475     
   127.70172102475226     
   191.28118259379875     
   254.97056621439887     
   318.79348552366520     
   382.75678373076460     
   446.89839519131726     
   511.19843753013242     
   576.12534153264392     
   641.75890280483554     
   708.10955648122933     
   775.10662470986938     
   842.58211228283483     
   910.18419484052583     
   977.33140736407427     
   1043.6827270535100     
   1109.4123256843750     
   1174.9665124633700     
   1240.5889480945896     
   1306.4176996738161     
