   9.1402059425879536E-031
   1.8225913491047128E-030
   2.7333877410683968E-030
   3.6461783044843757E-030
   4.5630436029474583E-030
   5.4887361553203818E-030
   6.4201172519832898E-030
   7.3422225999017775E-030
   8.2277837840490638E-030
   9.1002531091339585E-030
   8.9994532446691817     
   25.013008806464963     
   45.612513017757415     
   70.443573176348423     
   98.044896007761011     
   127.30790414870457     
   158.19513232215451     
   190.55355837585552     
   224.26398845365372     
   259.22470743369990     
