   69.028023494341781     
   137.44964905092090     
   205.93005577267132     
   274.51061300830503     
   343.25874362073512     
   412.13322193901359     
   480.93236384873211     
   550.19420843437990     
   620.15839363343082     
   690.85692891574752     
   762.19411530479829     
   833.95962789052783     
   905.70546531236266     
   976.66582471176946     
   1046.7651849930066     
   1116.1335765584197     
   1185.0453163440984     
   1250.1987903170311     
   1306.9328759707421     
   1361.4824110830004     
