   79.033272256556273     
   157.48779789676470     
   236.04299806288108     
   314.71633156840466     
   393.53395671881577     
   472.22340549686879     
   551.32987401827859     
   631.06771226517742     
   711.41927703755698     
   792.20023594131840     
   872.83190707123526     
   952.01543040458830     
   1029.7294305320988     
   1106.6608410571064     
   1183.3130670676276     
   1259.8770197215727     
   1329.3045503981987     
   1391.7363615001639     
   1452.8537034926374     
   1514.6708464336059     
