   0.0000000000000000     
   0.0000000000000000     
   0.0000000000000000     
   0.0000000000000000     
   0.0000000000000000     
   0.0000000000000000     
   0.0000000000000000     
   0.0000000000000000     
   0.0000000000000000     
   0.0000000000000000     
   0.0000000000000000     
   0.0000000000000000     
   0.0000000000000000     
   0.0000000000000000     
   0.0000000000000000     
   0.0000000000000000     
   2.9904230354309938E-019
   3.1515333146136362     
   14.197613145064437     
   30.557490735335872     
