   4.2526043540676151E-031
   8.4871082202968310E-031
   1.2726792449892051E-030
   1.7026737408547252E-030
   2.1345507232386818E-030
   2.5526572708923563E-030
   2.9677497021038691E-030
   3.3914558696907630E-030
  0.30254759555997929     
   15.625086975754337     
   37.677555045097023     
   64.235531963268528     
   95.492359737844936     
   129.01262035298853     
   164.43441181964096     
   201.66970626492937     
   240.56563144013353     
   280.98372847670106     
   322.80805451245772     
   365.94103574025070     
