   86.212312480416941     
   171.96963127799208     
   257.90635269242824     
   343.97826520106639     
   430.62650103619762     
   518.10345330220025     
   605.94122114320464     
   692.63811254449774     
   776.39558427435065     
   859.61589031203835     
   942.80718413100180     
   1020.4075113794521     
   1089.9762625942701     
   1157.4802610593945     
   1223.2798955597102     
   1290.1025155319230     
   1357.6718169684109     
   1426.1404380687657     
   1495.5128848471286     
   1565.8004022220323     
