   4.2242445375466381E-031
   8.4303924830283951E-031
   1.2642607267680648E-030
   1.6855655566897125E-030
   2.1076001147903159E-030
   2.5313725911539838E-030
   2.9547419091604621E-030
   3.3697342356868970E-030
   3.7692976724056773E-030
   4.1630887935941860E-030
   4.5566200041948080E-030
   4.9525760005706473E-030
   1.6641537713771175     
   15.855330685419180     
   35.514129043239485     
   61.213606860186808     
   88.503974722025646     
   117.43023955885718     
   147.88534709003869     
   179.75127239760650     
