   90.117427119469454     
   179.65003144588815     
   269.29465353964332     
   359.08826256234795     
   448.61171336448069     
   538.52159798271020     
   629.09472922443092     
   720.19411193295605     
   811.21948051701031     
   900.55606974729176     
   987.46053284157369     
   1073.7158502516677     
   1160.2551156410477     
   1247.3730337295583     
   1330.2195404370098     
   1405.6120713217022     
   1476.1764121041726     
   1547.4899124969115     
   1619.6185160819407     
   1692.4477589973301     
