   70.614840081158135     
   140.54260074099946     
   210.57303075427711     
   280.77107406069513     
   351.17433612119430     
   421.66362124471732     
   492.61800556145022     
   564.44488498408828     
   637.26122132641410     
   710.92504608290722     
   785.21212863859159     
   859.47500601383126     
   932.79555949582141     
   1004.9756748310747     
   1076.6602787430286     
   1141.9765929915739     
   1199.7664669494488     
   1256.8205469509237     
   1313.6513647247377     
   1370.8340273030774     
