   95.354648032537540     
   190.09960738834351     
   284.95933543237913     
   379.99857066080307     
   475.21434051217466     
   570.43811953217335     
   666.08218668714323     
   762.30805106921196     
   858.95210988203780     
   955.34759704011537     
   1049.9362684523085     
   1140.5032081226866     
   1229.0571823729156     
   1306.0139192470451     
   1375.6556524829396     
   1445.2432575179923     
   1514.8075976734863     
   1585.0149831238591     
   1655.8848782401296     
   1727.5509674801951     
