   75.415188281942150     
   150.21408737056063     
   225.27057001173685     
   300.57126175233407     
   376.96123951826098     
   454.93870086667562     
   534.25234338167502     
   613.87844485587937     
   691.95214554118274     
   769.71381103411693     
   848.37953898257558     
   928.08749285697672     
   997.68796459803605     
   1063.5134521632347     
   1128.7433768266155     
   1192.5506868849689     
   1257.0925355793745     
   1322.4638648224091     
   1388.6491683390720     
   1455.6340058680480     
