   68.965211911453011     
   137.22627837673312     
   205.55337604163319     
   274.03282812409736     
   342.70216335382059     
   411.54689162727686     
   480.47249725415827     
   550.14244277131047     
   620.78608874895838     
   692.35715814849868     
   764.75016567078569     
   837.69164814357566     
   910.59990302460767     
   982.64479870101195     
   1053.7296856099542     
   1124.7351953344680     
   1195.9749939269611     
   1267.5126346519851     
   1331.5662280298020     
   1390.6706927383773     
