   76.533388104501753     
   152.35607998493896     
   228.24835329227190     
   304.28009886104962     
   380.48097135825691     
   456.90361755419150     
   533.37650242270718     
   610.39563325302299     
   688.26331711216767     
   766.98733587366371     
   846.43631839567195     
   926.30143956601796     
   1005.8615474126904     
   1084.0545530924046     
   1160.8511863670765     
   1237.4719108068573     
   1314.3951247578623     
   1391.9259690553699     
   1467.6525364396978     
   1534.6323383715073     
