   93.656954245243980     
   186.94448409636001     
   280.38900481222220     
   373.84899461786199     
   467.80565468033814     
   562.06201570415033     
   655.21633010078574     
   744.81981341538949     
   832.93451663295161     
   920.96877596164279     
   1009.3803654566525     
   1091.7666765580309     
   1165.1122255389428     
   1237.6371943394845     
   1308.0567877287110     
   1379.6598063148458     
   1452.2622771501603     
   1525.8777953429621     
   1600.5011632548005     
   1676.1412523741592     
