   95.960670365819766     
   191.51024622010584     
   287.19763655394684     
   382.90390250353045     
   478.77568910892757     
   575.04202328836925     
   671.21643754720662     
   765.48840744956442     
   856.26075204329845     
   945.72877616343771     
   1035.1384798979075     
   1125.0686159229890     
   1213.8431688792107     
   1290.1714497583641     
   1364.6867710362499     
   1436.7921890204157     
   1510.0039198707223     
   1584.1613806622086     
   1659.2467252678284     
   1735.2776357501875     
