   4.8268369504383655E-031
   9.6017356942703343E-031
   1.4385233115728600E-030
   1.9183529647057193E-030
   2.3999361900692132E-030
   2.8820726925141553E-030
   3.3695683140412603E-030
   3.8647779161948316E-030
   4.3678467688474436E-030
   4.8774230868157109E-030
   5.3911009419191732E-030
   5.9022882848117958E-030
   6.4056310636543607E-030
   6.9054692181133279E-030
   7.4070446559463945E-030
   1.3270279361828055     
   13.194196876461570     
   29.899506824209691     
   50.475465576282893     
   72.341905705082098     
