   4.1942141444492422E-031
   8.3758566009687345E-031
   1.2564541084352805E-030
   1.6781846152098454E-030
   2.1000038066740654E-030
   2.5047830722174012E-030
   2.9024738354104751E-030
   3.3000654646555331E-030
   11.335605438290919     
   27.001775633635596     
   47.627442832751385     
   71.044421902394291     
   98.459898800156580     
   128.35540853763553     
   159.97661261809517     
   193.26344494076773     
   228.08344292614862     
   264.31461482480137     
   301.85785163598450     
   340.62761350236690     
