   0.0000000000000000     
   0.0000000000000000     
   0.0000000000000000     
   0.0000000000000000     
   0.0000000000000000     
   0.0000000000000000     
   0.0000000000000000     
   0.0000000000000000     
   0.0000000000000000     
   0.0000000000000000     
   0.0000000000000000     
   0.0000000000000000     
   9.8668305995886674E-006
   7.8685719999739989     
   23.608358645660559     
   44.369357421923695     
   67.344574931383278     
   91.840014714805051     
   117.76495928878219     
   144.97438728248682     
