   81.639843928142355     
   162.95873303231576     
   244.37104003340102     
   325.88812770629761     
   407.39275091798396     
   489.20073636496465     
   571.28440260902812     
   653.22406915475790     
   733.91716549591638     
   812.18830107638030     
   889.23821837298465     
   965.18121455647417     
   1040.3350057496639     
   1108.8580335366460     
   1170.7798293002506     
   1231.5236112466860     
   1290.3688586105820     
   1350.0014429371222     
   1410.2648138182469     
   1471.2221578359045     
