   6.0083911927688709E-031
   1.1988903735353226E-030
   1.7990296506823717E-030
   2.4119769713742284E-030
   3.0324808704096658E-030
   3.6388406476801460E-030
   4.2439414201312120E-030
   4.8622753379119226E-030
   8.4383067548045130     
   23.682815218188281     
   44.687647937056461     
   68.673771366492133     
   97.516576161557211     
   128.66331367610780     
   161.49326369155281     
   195.97847249917589     
   231.98372581324426     
   269.38219056568573     
   308.06707128962290     
   347.94926056898674     
