   0.0000000000000000     
   0.0000000000000000     
   0.0000000000000000     
   0.0000000000000000     
   0.0000000000000000     
   0.0000000000000000     
   0.0000000000000000     
   0.0000000000000000     
   0.0000000000000000     
   0.0000000000000000     
   9.1194512868543048E-003
   12.901501665767572     
   30.951518117585277     
   52.654306437478425     
   79.769841935931339     
   108.29086225316586     
   138.26026780035377     
   169.64017176585378     
   202.35064544234658     
   236.29336259303051     
