   57.269422835567951     
   114.03712802474713     
   170.80794846852245     
   227.65548579588921     
   284.60495432623344     
   341.67326257145788     
   398.84965692831605     
   456.10234763688101     
   513.70408557011319     
   571.83855496679951     
   630.56628549213087     
   689.84961152283779     
   749.64035908339577     
   809.82578828788826     
   870.19436906371175     
   930.38804082213323     
   990.03905705773673     
   1049.1282523995269     
   1107.8509329445562     
   1166.3564779318933     
