   88.893812254145047     
   177.40829272713236     
   266.00820351435209     
   354.74532214293845     
   443.40795317276991     
   532.33946043067044     
   621.55708693077975     
   710.74149685387556     
   798.82991433099698     
   883.88194517544514     
   967.01228584339128     
   1048.1125951821959     
   1119.6699826419199     
   1184.4831598389480     
   1247.3892752522695     
   1310.8876299026249     
   1374.6666729781682     
   1439.1564780546300     
   1504.4072999493408     
   1570.4788102617333     
