   85.419742627012653     
   170.40023646296282     
   255.52472542765850     
   340.52818954102543     
   426.41169102846379     
   513.01942041371933     
   599.50389721769511     
   683.85772035048478     
   767.23979604125736     
   850.98056127042980     
   935.69660023343931     
   1021.3860944871499     
   1097.5043226953178     
   1168.9380391371456     
   1238.5300802789768     
   1307.7873129778066     
   1378.0998943912282     
   1449.3595187980256     
   1521.5289083653900     
   1594.6033176522083     
