   4.5321959070157934E-031
   9.0275368761028893E-031
   1.3541947177001619E-030
   1.8083164832262178E-030
   2.2738604930980160E-030
   2.7505491971102705E-030
   3.2346668229651374E-030
   3.7167981394349003E-030
   4.1989897236058370E-030
   4.6863376717299863E-030
   5.1824589862140648E-030
   5.6873746798822377E-030
   5.6518751946346401E-021
   5.2104748970545831     
   17.478411653499947     
   33.954715958444623     
   53.724781474954369     
   77.377523755597252     
   101.93458661993783     
   127.46384386777059     
