   0.0000000000000000     
   0.0000000000000000     
   0.0000000000000000     
   0.0000000000000000     
   0.0000000000000000     
   0.0000000000000000     
   0.0000000000000000     
   0.0000000000000000     
   2.0885993024727216E-011
   13.773987739819155     
   34.239462210068076     
   59.689779762561869     
   89.339407551007099     
   121.61387324447279     
   155.79160036512141     
   191.75025174910314     
   229.33742298139521     
   268.42235638247456     
   308.89500262739597     
   350.66374105148202     
