   3.2693894073873740E-031
   6.5210755720562892E-031
   9.7745244309831246E-031
   1.3031775479856323E-030
   1.6293427662368690E-030
   1.9558117896808856E-030
   2.2822027403161251E-030
   2.6098140113755542E-030
   2.9389484448071220E-030
   3.2695835220101405E-030
   3.6011015106396913E-030
   3.9318318516808745E-030
   4.2584035678740876E-030
   4.5778855681471794E-030
   4.8911958884716704E-030
   5.1988015754251839E-030
   2.3437595144074070E-006
   4.5025295474152367     
   16.488061254985595     
   32.628349192297563     
