   94.998520943009638     
   189.41430513358983     
   283.94657704479215     
   378.68821628279090     
   473.45587937994190     
   568.46692232994553     
   664.08518464981626     
   760.23857226983750     
   856.26117800521820     
   950.64052140630417     
   1041.2840998193881     
   1130.4463558759585     
   1215.1473436748181     
   1287.1508292988312     
   1357.8588198184566     
   1428.7565940067907     
   1500.3232131208345     
   1572.5888918516757     
   1645.6319193588790     
   1719.5530586180350     
