   0.0000000000000000     
   0.0000000000000000     
   0.0000000000000000     
   0.0000000000000000     
   0.0000000000000000     
   0.0000000000000000     
   0.0000000000000000     
   0.0000000000000000     
   0.0000000000000000     
   0.0000000000000000     
   0.0000000000000000     
   0.0000000000000000     
   0.0000000000000000     
   9.0708867214361531E-019
   5.2892271297143463     
   21.281263978036474     
   43.140045218813334     
   67.047847073686185     
   92.683426255759684     
   119.95455379674773     
