   1.2451594367219184E-030
   2.4848890644511499E-030
   3.7257189975780398E-030
   4.9683054181718156E-030
   6.2123774878702237E-030
   7.4570413823274229E-030
   8.7060893300736704E-030
   9.9590015507365140E-030
   1.1210503098379546E-029
   1.2446175215124683E-029
   1.3636717752936987E-029
   1.4796681411631688E-029
   3.1016021995680685     
   14.360417309604131     
   28.986162866352441     
   47.542344870078431     
   68.930402526020373     
   91.876419115833301     
   116.23220092609898     
   141.85975392370088     
