   77.436851177965394     
   154.26226372786414     
   231.19081251750160     
   308.25457786305157     
   385.49010507587656     
   462.64287899527181     
   540.25604629324937     
   618.58272832359944     
   697.62357699863014     
   777.18264678017385     
   856.76091859835321     
   935.09409784563888     
   1011.9595360354010     
   1088.0386103997282     
   1163.7793420489197     
   1237.8473617665561     
   1302.2474668774273     
   1362.7495741517766     
   1423.3245568218974     
   1484.3785616088783     
