   88.372732522334331     
   176.38622268633705     
   264.49949207808652     
   352.75577294514250     
   441.04516290048974     
   529.69877510053993     
   618.59794449562128     
   707.13608707577885     
   793.28352561318661     
   876.80971607784977     
   958.21971071496853     
   1028.4556409530185     
   1092.8527758973100     
   1156.6777632338219     
   1219.8639294867139     
   1282.7451024526208     
   1346.5392818154648     
   1411.1916726504644     
   1476.7214950500313     
   1543.1529377866332     
