   106.61998134717487     
   212.79386376192915     
   319.13743781076226     
   425.64909989714550     
   532.30734293935120     
   639.34375752051676     
   746.09521941709477     
   850.05809840886741     
   948.32103903955749     
   1045.3133478623417     
   1142.4285982718316     
   1231.0136064207718     
   1310.5636735756684     
   1387.7616462931323     
   1465.9493951737682     
   1545.3094938440004     
   1625.8128999874336     
   1707.4762672531922     
   1790.3274725334450     
   1874.3824478460565     
