   8.1133844124193063E-031
   1.6155690288085970E-030
   2.4198437505812470E-030
   3.2252053241802176E-030
   4.0320109623641024E-030
   4.8405002084280260E-030
   5.6505206903893113E-030
   6.4616216644412232E-030
   7.2776663806754823E-030
   8.1012575129989022E-030
   8.9332527873336900E-030
   9.7731182067257690E-030
   1.0620170431288680E-029
   1.1472810288996893E-029
   1.2328037527687666E-029
   1.3180773991632826E-029
   1.4025804916452108E-029
   1.4862860504186443E-029
   1.5694710350479799E-029
   1.6523474054933802E-029
