   7.4680166541736374E-031
   1.4876967779419112E-030
   2.2298158018010608E-030
   2.9738285822758302E-030
   3.7193133702060287E-030
   4.4664466397819362E-030
   5.2207636675268838E-030
   5.9834351225803530E-030
   6.7530455697073755E-030
   7.5257686812890577E-030
   8.2905528972578659E-030
   9.0383182779396205E-030
   9.7780222860975378E-030
   1.0516686773680775E-029
   1.0732203411184028E-009
   6.1308799143514578     
   20.925683250032858     
   40.774143324887440     
   62.141816612995633     
   84.878616332338694     
