   66.213889597476637     
   131.88934068938141     
   197.84338843888403     
   264.18908280705261     
   332.20352945685505     
   401.84617921736475     
   472.57416999315058     
   543.01196750935526     
   613.45856993821940     
   684.65850015901333     
   757.14019031135672     
   830.90671029965790     
   905.90902073397115     
   976.85672446668116     
   1041.7351210717247     
   1104.3202589389055     
   1166.1163357451412     
   1226.3121518152018     
   1287.3922661303425     
   1349.2585938079342     
