   85.691618459372890     
   170.76440900764757     
   255.94551290050936     
   341.30082812583248     
   426.79740832706625     
   512.19564754859084     
   598.07794658489865     
   684.60584091973953     
   771.74036876755451     
   859.06435246740705     
   945.54717528111041     
   1029.7601772797357     
   1112.3448935620129     
   1194.2975891673818     
   1274.5757055277102     
   1344.4304702390555     
   1409.6486687390366     
   1475.3094510360750     
   1541.5406472946659     
   1608.3092770706942     
