   5.9522244373074678E-031
   1.1875828313759683E-030
   1.7806926437509425E-030
   2.3749174828706926E-030
   2.9692001478757009E-030
   3.5659660248467615E-030
   4.1658065827053905E-030
   4.7668344428311425E-030
   5.3621284979382446E-030
   5.9372104359741348E-030
   6.5002033739494947E-030
   7.0552235615927675E-030
   2.1083431578253352E-003
   10.043385795429742     
   25.469514785773477     
   45.895071569003690     
   68.174287803343447     
   92.232101783659843     
   117.67957846897926     
   144.42149739470685     
