   82.045037843193796     
   163.47377794752160     
   245.24457355996662     
   327.23708396968635     
   410.75140313010627     
   495.82303996081481     
   581.63623741899869     
   665.80792904759801     
   749.07863376585476     
   833.24419097527084     
   911.23083470882762     
   983.34579336263118     
   1053.3625390045161     
   1121.8750191574336     
   1191.0522966120498     
   1261.2028396162959     
   1332.3741447754985     
   1404.5313009245629     
   1477.6725523340126     
   1551.7994407833110     
