   69.013100682938514     
   137.37492578767589     
   205.87066946189415     
   274.56510018376798     
   343.45842727193082     
   412.60781584066967     
   482.66470127829336     
   553.76708950474642     
   625.83595715822037     
   698.64212038401956     
   771.51303553141895     
   843.24317391675106     
   914.16995427881398     
   984.85130830348328     
   1055.5843031564718     
   1117.1020332090591     
   1174.5373264533121     
   1230.1125361440293     
   1286.1429451940578     
   1342.5999552776111     
