   0.0000000000000000     
   0.0000000000000000     
   0.0000000000000000     
   0.0000000000000000     
   0.0000000000000000     
   0.0000000000000000     
   0.0000000000000000     
   0.0000000000000000     
   0.0000000000000000     
   0.0000000000000000     
   0.0000000000000000     
   5.8787566263508850     
   19.774251201362496     
   38.171580653880895     
   61.428079349675215     
   86.444824365899720     
   113.15815770284973     
   141.27591697445899     
   170.70902415357671     
   201.35517665451727     
