   1.6324267570462126E-030
   3.2545784143064231E-030
   4.8793368647739035E-030
   6.5071709511775973E-030
   8.1353063808883329E-030
   9.7705282411337142E-030
   1.1418115296599526E-029
   1.3074915017552033E-029
   1.4729040189905714E-029
   1.6350254938126860E-029
   1.7908366356068948E-029
   1.9452541314871834E-029
   6.2170261333904346E-002
   10.104217896972207     
   27.839831800128966     
   51.475087919506187     
   77.027352259691426     
   104.26062113040537     
   133.06221671398887     
   163.27080679167713     
