   99.670342543187587     
   198.92371775700448     
   298.26308859610384     
   397.75507676296093     
   497.30367970254554     
   596.93570677061359     
   696.82943777767832     
   796.78405263244338     
   896.06900505066494     
   992.78895803967839     
   1084.6754823443932     
   1174.9082505204317     
   1264.2965310415132     
   1346.2620596272934     
   1418.2884465802399     
   1488.6335947063276     
   1559.8030570366273     
   1631.6894442517687     
   1704.3245373764682     
   1777.7835694746559     
