   0.0000000000000000     
   0.0000000000000000     
   0.0000000000000000     
   0.0000000000000000     
   0.0000000000000000     
   0.0000000000000000     
   0.0000000000000000     
   0.0000000000000000     
   0.0000000000000000     
   6.3857966899439393     
   23.454097437689050     
   46.961757512992776     
   76.341228975409251     
   108.26786324081461     
   142.28044530899032     
   178.24778874296538     
   215.99902499189491     
   255.37971688808409     
   296.26361207584057     
   338.54629438876731     
