   7.3792281845294593E-031
   1.4690940035941968E-030
   2.2014964593255614E-030
   2.9358637555014091E-030
   3.6720675288615984E-030
   4.4095572524787747E-030
   5.1537420062173356E-030
   5.9073825290102063E-030
   6.6700760166738920E-030
   7.4399681905926676E-030
   8.2109718383812985E-030
   8.9711079224012644E-030
   9.7154329283800980E-030
   8.1877406408121738E-010
   7.2560309120406083     
   21.307191757783507     
   39.466505974952611     
   60.303479502235362     
   82.526700362083901     
   106.02291856985673     
