   0.0000000000000000     
   0.0000000000000000     
   0.0000000000000000     
   0.0000000000000000     
   0.0000000000000000     
   0.0000000000000000     
   0.0000000000000000     
   0.0000000000000000     
   0.0000000000000000     
   1.8821389956817187E-003
   8.3027216830578343     
   24.361541315348518     
   45.340891862768451     
   69.657922518841261     
   96.092254422928178     
   124.32906014621591     
   154.32019188072721     
   185.85814503775762     
   218.78051429451523     
   252.97742546660223     
