   1.8920128411742762E-030
   3.7759031933685333E-030
   5.6612559258891858E-030
   7.5517976843496691E-030
   9.4504501249800832E-030
   1.1311766549151986E-029
   1.3100864956823791E-029
   1.4883141604270676E-029
   1.6692261861819694E-029
   6.7754769237444963     
   24.783437199574500     
   49.342361001723347     
   81.308394207565144     
   115.55954608617135     
   151.91796504302604     
   190.28984958689776     
   230.50807523533354     
   272.41320572045458     
   315.87558402712625     
   360.78829038207311     
