   66.622960235404847     
   132.56480711075807     
   198.57219988847817     
   264.71120587786601     
   331.00139340277758     
   397.47598604088358     
   463.91580618594986     
   531.03398014410402     
   599.04935148892696     
   667.96075655186564     
   737.66860582222705     
   807.94795183377630     
   878.31303042397644     
   948.04244244856795     
   1017.0863266279275     
   1085.9151826695581     
   1154.8224332329698     
   1223.5889947721305     
   1284.5374991567940     
   1341.2376574828493     
