   3.5228711083403152E-031
   7.0221384933171550E-031
   1.0542504341518671E-030
   1.4138329607609451E-030
   1.7832207864340517E-030
   2.1553157787226287E-030
   2.5217318259319743E-030
   2.8921517489563668E-030
   3.2706912511188052E-030
   2.6805659345146133E-002
   13.431187320264460     
   30.940283158638277     
   53.019887784961888     
   80.143938138480138     
   109.07774973649191     
   139.59092517533068     
   171.50044670169552     
   204.74151885942601     
   239.21942787739960     
   274.84677552527745     
