   2.0027480111250863E-030
   3.9957304863453992E-030
   5.9911742056585987E-030
   7.9902303720906405E-030
   9.9892068214860471E-030
   1.1991805430320571E-029
   1.4000023385866196E-029
   1.6003580665023502E-029
   1.7961735399736381E-029
   1.9809447721475692E-029
   2.1614360843403496E-029
   8.8208862113103504E-015
   6.9861086762700300     
   26.515447552454127     
   53.675334084869284     
   83.238969950232416     
   114.98750532695705     
   148.80119733257089     
   184.42212552555861     
   221.67765543329577     
