   1.8773558220807174E-030
   3.7468567735087789E-030
   5.6193456731601374E-030
   7.4947947307074080E-030
   9.3728300858024649E-030
   1.1257531038048707E-029
   1.3137225629485281E-029
   1.4967808786163600E-029
   1.6697839922430957E-029
   1.8405382919385086E-029
   3.1789309141762117E-014
   8.7408128917027632     
   27.974318031020807     
   53.820968910376997     
   82.440805260122318     
   113.05601749490349     
   145.54204567222692     
   179.74574059352668     
   215.51837370164179     
   252.73398207171940     
