   113.83999014245461     
   227.21236345726797     
   340.85354193664676     
   454.79586808159962     
   569.20377407930118     
   680.95992791104925     
   787.08030983716810     
   892.60427568010687     
   992.74253502967258     
   1083.1353499940610     
   1171.6329871568723     
   1258.4325532309674     
   1346.6257218999115     
   1436.4494009054151     
   1527.8750791545476     
   1620.9176667246531     
   1715.5831315725879     
   1811.8648723891154     
   1909.7402060103104     
   2009.1758473684270     
