   89.084655361678770     
   177.54553675407115     
   266.14541588046330     
   354.89882812383485     
   443.64278203723330     
   532.41029556380693     
   621.82004779309648     
   711.87998826231967     
   802.33965770381985     
   892.26185698357983     
   979.85348381984466     
   1065.7570118848867     
   1151.4145019201560     
   1237.5056047531787     
   1324.3304501832488     
   1405.8762540414948     
   1480.5666682743317     
   1550.8034498668485     
   1622.0120825577901     
   1693.9533259528080     
