   87.780616561741823     
   175.15393522566177     
   262.83230715704894     
   352.38189206915200     
   443.03546819090695     
   531.62263470413541     
   620.02586475957241     
   710.36241376648718     
   794.06067285834979     
   872.68315365827482     
   947.83984630514715     
   1024.0371110578856     
   1099.0964699566896     
   1175.1238061172814     
   1252.4568448246519     
   1331.0084872565824     
   1410.7693807485189     
   1491.7389543096642     
   1573.9109759579287     
   1657.2717947189385     
