   79.434468682422548     
   158.30229105175232     
   237.22830386385988     
   316.26885356034012     
   395.43036917779835     
   474.66712463058599     
   553.83213263108757     
   633.44378618845792     
   713.61564214309476     
   794.30455400414951     
   875.31580908861122     
   956.19434348494008     
   1035.8369335862724     
   1113.7490157232753     
   1190.4424538630519     
   1265.4596987998725     
   1329.2480918908698     
   1388.6654140132173     
   1449.1607770120129     
   1509.8183363145754     
