   91.828294347074703     
   183.11194779845806     
   274.51615646545395     
   366.12711000298526     
   457.86373442564320     
   549.85036377798031     
   642.47197397603236     
   735.64790027353433     
   828.84194535824975     
   920.59530352097829     
   1008.5850684117391     
   1095.0747747134847     
   1181.2055531321339     
   1262.5990634523300     
   1332.1670918855318     
   1399.9273318283940     
   1468.4315065325800     
   1537.6482043777364     
   1607.6312321595647     
   1678.4108154641053     
