   92.659705989036127     
   184.73617723446978     
   276.96061197546129     
   369.35960541485429     
   461.77536027988162     
   554.59245829452527     
   648.11066422328690     
   742.15070856344187     
   836.03712279703348     
   928.05544129649968     
   1016.4924925679611     
   1104.1197805886329     
   1191.5407640494179     
   1268.6088913427573     
   1340.9884141551627     
   1410.8757901007602     
   1481.5510506688265     
   1553.0262502649284     
   1625.2977137766727     
   1698.4204587114398     
