   96.852174672140109     
   193.33334068366790     
   289.81411429265336     
   387.40811743897530     
   484.42443090969192     
   578.81489619885394     
   673.08548712507491     
   769.35568669228780     
   867.83676992185713     
   953.82879728145588     
   1035.5962342688970     
   1117.9660416347779     
   1198.5657903784365     
   1280.7465818299452     
   1364.3419017062402     
   1449.3011588647371     
   1535.6072979456744     
   1623.2539124629423     
   1712.2286344471602     
   1802.5126773062325     
