   1.8816383109602178E-031
   3.7541527505712517E-031
   5.6301096261956442E-031
   7.5073503983312243E-031
   9.3968521289765024E-031
   1.1302992392665588E-030
   1.3217319618232627E-030
   1.5118418851908559E-030
   1.6967007740946929E-030
   1.8799054000064753E-030
   2.0625387584038156E-030
   2.2450425091335489E-030
   4.2414853133790720     
   16.261126917479618     
   32.307424156133266     
   52.577894030817923     
   74.198507328817513     
   97.333803741201663     
   121.65174765560286     
   147.09178302169778     
