   80.028611100207769     
   159.52101951599946     
   239.49269523577436     
   321.17837040925491     
   405.09129005346716     
   489.61963503104977     
   572.86665845908612     
   657.03373868346034     
   743.07144465564852     
   830.89370117018450     
   907.29769556669123     
   980.76267861806696     
   1053.0872004272869     
   1123.7196471853633     
   1195.5600454895205     
   1268.4300966818937     
   1342.3784131529139     
   1417.3627495758801     
   1493.3735854361000     
   1570.4013874267916     
