   0.0000000000000000     
   0.0000000000000000     
   0.0000000000000000     
   0.0000000000000000     
   0.0000000000000000     
   0.0000000000000000     
   0.0000000000000000     
   0.0000000000000000     
   1.2807322195705768     
   15.931858455965742     
   36.247368923573340     
   60.133132208612139     
   89.525121684781297     
   121.12730837878799     
   154.50850942814614     
   189.65595005924899     
   226.42832543378256     
   264.69380536862730     
   304.34044954511796     
   345.27388394070840     
