   9.2513327454288836E-031
   1.8455206507217487E-030
   2.7669455857246802E-030
   3.6896935406185820E-030
   4.6107017166996789E-030
   5.5349701310863140E-030
   6.4631880227781111E-030
   7.3918590974815477E-030
   8.3085941294931825E-030
   9.1929365625857222E-030
   1.0059676735105295E-029
   1.0922927747175334E-029
   1.1785977530252943E-029
  0.34892370360798386     
   10.021377514112109     
   28.736286063379122     
   53.110343501135034     
   78.986991444353137     
   106.45778968393324     
   135.49522850374709     
