   80.394847168823503     
   160.14482141735414     
   240.00349040287631     
   320.04178038770840     
   400.28769692783294     
   480.56482011014316     
   561.35717769278938     
   642.93634444051008     
   725.29212025412949     
   808.20112580733530     
   890.95273851878312     
   972.28788986330642     
   1051.5123563529780     
   1129.7634074133066     
   1204.2215163918554     
   1266.8587354753579     
   1328.4494583163491     
   1390.2113502488266     
   1452.3074819928488     
   1514.9213554174544     
