   97.151807322866262     
   193.70670695428737     
   290.69805881447388     
   388.36140806161183     
   487.65615151100269     
   587.74000742631517     
   684.36644700196166     
   779.37481096561896     
   875.86673274131056     
   960.36043555155868     
   1039.9794679140336     
   1119.0823718270312     
   1198.1942080132753     
   1278.1602775211568     
   1359.4536816880634     
   1442.0722670765117     
   1526.0203425723985     
   1611.2977227288866     
   1697.8961624241533     
   1785.7981070947615     
