   57.203365965291084     
   113.96147199057275     
   170.77540926178725     
   227.68175033711066     
   284.69986580901428     
   341.78779270714250     
   399.06245090119626     
   456.86487543704817     
   515.26531885224927     
   574.23984020074522     
   633.69836447834791     
   693.44984978731964     
   753.07985584694939     
   812.15865948078761     
   870.83096184761291     
   929.13718893690429     
   987.11093232767212     
   1044.8434556041609     
   1102.3620408573672     
   1157.5518195691564     
