1.653629e-01
1.662733e-01
1.663012e-01
1.692946e-01
1.693428e-01
1.697435e-01
1.699719e-01
1.700635e-01
1.703725e-01
1.727021e-01
1.733727e-01
1.745688e-01
1.746150e-01
1.848951e-01
1.944911e-01
3.187317e-01
4.965569e-01
6.017731e-01
7.262125e-01
7.768429e-01
7.865211e-01
7.880446e-01
8.439079e-01
9.037065e-01
9.042973e-01
9.058127e-01
9.099025e-01
9.142723e-01
9.142736e-01
9.158379e-01
9.173791e-01
9.175791e-01
9.264466e-01
9.267525e-01
9.282525e-01
9.340174e-01
9.377756e-01
9.378185e-01
9.423061e-01
9.434226e-01
9.588795e-01
9.918561e-01
9.921551e-01
1.009565e+00
1.011294e+00
1.012626e+00
1.016017e+00
1.016839e+00
1.016866e+00
1.025599e+00
1.025646e+00
1.025647e+00
1.025647e+00
1.025711e+00
1.026720e+00
1.028030e+00
1.028818e+00
1.029984e+00
1.039982e+00
1.040233e+00
1.041294e+00
1.041386e+00
1.041478e+00
1.041523e+00
1.042949e+00
1.042981e+00
1.048107e+00
1.058377e+00
1.065147e+00
1.065236e+00
1.065314e+00
1.066056e+00
1.066079e+00
1.075084e+00
1.077879e+00
1.082822e+00
1.083308e+00
1.083833e+00
1.083907e+00
1.083928e+00
1.086340e+00
1.086885e+00
1.088340e+00
1.096895e+00
1.151233e+00
1.163536e+00
1.170360e+00
1.178278e+00
1.209876e+00
1.212848e+00
1.250406e+00
1.250955e+00
1.251439e+00
1.252917e+00
1.253179e+00
1.256402e+00
1.257981e+00
1.259019e+00
1.259029e+00
1.261544e+00
