1.494830e-04
1.498502e-03
4.741329e-03
8.434596e-03
1.125115e-02
1.299139e-02
1.395962e-02
1.447064e-02
1.473434e-02
1.486662e-02
1.493609e-02
1.496942e-02
1.498607e-02
1.499328e-02
1.499719e-02
1.499860e-02
1.499947e-02
1.499982e-02
1.499992e-02
1.499997e-02
1.499999e-02
1.500000e-02
1.500000e-02
1.500001e-02
1.500001e-02
1.500002e-02
1.500002e-02
1.500002e-02
1.500002e-02
1.500002e-02
1.500002e-02
1.500002e-02
1.500002e-02
1.500002e-02
1.500002e-02
1.500002e-02
1.500002e-02
1.500002e-02
1.500002e-02
1.500002e-02
1.500002e-02
1.500003e-02
1.500003e-02
1.500003e-02
1.500003e-02
1.500003e-02
1.500004e-02
1.500004e-02
1.500004e-02
1.500004e-02
1.500004e-02
1.500004e-02
1.500006e-02
1.500006e-02
1.500007e-02
1.500010e-02
1.500010e-02
1.500010e-02
1.500010e-02
1.500011e-02
1.500011e-02
1.500011e-02
1.500012e-02
1.500012e-02
1.500012e-02
1.500013e-02
1.500015e-02
1.500016e-02
1.500016e-02
1.500016e-02
1.500016e-02
1.500016e-02
1.500016e-02
1.500016e-02
1.500017e-02
1.500017e-02
1.500017e-02
1.500018e-02
1.500019e-02
1.500019e-02
1.500020e-02
1.500023e-02
1.500023e-02
1.500027e-02
1.500029e-02
1.500036e-02
1.500039e-02
1.500044e-02
1.500055e-02
1.500065e-02
1.500067e-02
1.500071e-02
1.500087e-02
1.500109e-02
1.500125e-02
1.500129e-02
1.500177e-02
1.500225e-02
1.500229e-02
1.500274e-02
