   51.997147248960296     
   103.57709950674918     
   155.26329726717171     
   207.07225544279174     
   258.83093980086068     
   311.18406353012830     
   364.34683669951045     
   418.27967573914594     
   472.87551521737220     
   527.89832406729943     
   582.91042745287768     
   637.72306714956255     
   692.49393308547644     
   746.95326941289784     
   800.88678863987730     
   849.81381132706485     
   894.58588382820517     
   937.58693904619679     
   980.77575374290382     
   1022.8795462212136     
