   54.639226859693714     
   108.87507149721486     
   163.19688733160072     
   217.64727983598414     
   272.12489259912360     
   326.79614075467538     
   382.07457490082152     
   438.01287089411693     
   494.54482408630258     
   551.52537058023529     
   608.62223687660503     
   665.32402550608936     
   721.82335344347325     
   777.96757971211764     
   833.23016184561743     
   884.41135131101191     
   929.69848151562553     
   973.40117016697855     
   1017.0260979704718     
   1059.8019655856651     
