   54.805386443178172     
   109.19879994814723     
   163.61662935980934     
   218.08466547292474     
   272.66601847835409     
   327.29924722749445     
   381.79043114566696     
   436.48642796622437     
   491.58781521870270     
   547.15639930563736     
   603.18046037562192     
   659.60840541620746     
   716.33024195525286     
   773.16718945206640     
   829.82724961207555     
   886.06465671967271     
   941.94339917226227     
   997.01914716015585     
   1051.0962688832235     
   1100.5114543608979     
