   52.404381913935111     
   104.41272589020282     
   156.42293157215190     
   208.47888507515421     
   260.58994884029340     
   312.76941950550497     
   364.99598456421546     
   417.28328871696777     
   469.46197127826861     
   521.82534090807530     
   574.50614331728514     
   627.53113506410739     
   680.90533515891775     
   734.60749972484655     
   788.59189050297164     
   842.77569572937091     
   897.01077354360734     
   951.09090499221588     
   1004.8309303944385     
   1058.2260479511092     
