   48.881404582895911     
   97.309113848746648     
   145.78000101236881     
   194.32429784431361     
   242.99499292892745     
   291.73983236364290     
   340.41947796144086     
   389.57641488991931     
   439.34231797876208     
   489.74318154509137     
   540.74122269254792     
   592.27082417787790     
   644.21007019674323     
   696.33985989728410     
   748.38704915942276     
   800.34751433772294     
   852.16383730567964     
   903.95513761901259     
   955.75552653428247     
   1007.5689321365363     
