   55.689323247162633     
   110.96643854533225     
   166.39854223683054     
   221.88071798221216     
   277.92916589318600     
   334.96655213373708     
   392.92676200438899     
   451.57506760511126     
   510.33780162389729     
   568.85548937130739     
   627.41133605800576     
   685.63936122342295     
   738.43192088119645     
   787.25436184582998     
   833.98044544452603     
   880.08782535166779     
   924.96170577245925     
   970.85393631928162     
   1016.4920549093666     
   1062.6330067445797     
