   51.573699400082546     
   102.69917752798573     
   153.82029649032290     
   204.99759213490285     
   256.23519489645349     
   307.56838519705252     
   358.97268012119383     
   410.40333785721782     
   461.73230389416710     
   513.33863292600097     
   565.35652072185042     
   617.81496300056256     
   670.70263222269011     
   723.99689489943819     
   777.62725103730816     
   831.50426797488126     
   885.46550880244615     
   939.32089138987669     
   992.90767433428232     
   1046.2055958920205     
