   53.538592457534421     
   106.61165606260423     
   159.68514356064057     
   212.81612345854583     
   266.03712198275559     
   319.35748302579668     
   372.76599876919022     
   426.06659569110218     
   479.67255044662465     
   533.75593718359676     
   588.36986577246546     
   643.51052619176676     
   699.11667359000296     
   755.11586719725994     
   811.35635071235856     
   867.60579834014482     
   923.56949634897603     
   979.26064602511804     
   1034.2962969832431     
   1087.8961173355040     
