   53.517522473263895     
   106.59803614213834     
   159.66831748610815     
   212.79493686079584     
   265.98537245816254     
   319.24386220968177     
   372.57972930045946     
   425.88318598063267     
   479.18341585615354     
   532.81327010458654     
   586.86659273757516     
   641.36389631418047     
   696.28377604224806     
   751.57602206538775     
   807.15267441151570     
   862.85744656837096     
   918.47538142410792     
   973.83802603943150     
   1028.8591417580744     
   1083.4778008054375     
