   52.431543470820877     
   104.39504102753247     
   156.44919772448426     
   208.63867303312801     
   260.86563477095859     
   313.47615209238171     
   366.90532818613048     
   421.19324575054270     
   476.26367805358757     
   531.95621255756566     
   587.93373693599619     
   643.73512355257685     
   699.49456687773477     
   755.26544006684026     
   811.15051565487136     
   867.20403636300216     
   923.46414189103064     
   979.91327987783552     
   1033.5126149538369     
   1081.2084807042947     
