   49.210606235695721     
   97.991412838627895     
   146.78098754758321     
   195.61023724959631     
   244.49376500274585     
   293.44163230674246     
   342.48467698987133     
   391.57171450479319     
   440.59696816622784     
   489.75133183602537     
   539.22422004681619     
   589.08917324228116     
   639.35120189996394     
   690.00354902945708     
   740.99962590634016     
   792.28122848072269     
   843.75236923891055     
   895.28153075885973     
   946.71048131706675     
   997.89886507501353     
