   49.194919176400333     
   97.925925143474927     
   146.74735187721177     
   195.68468866454907     
   244.74104037924383     
   293.90285608706535     
   343.77736468417868     
   394.45093271985792     
   445.88790450649236     
   497.99909485770297     
   550.60011122797175     
   603.37822801692209     
   656.06459827709273     
   708.74345479555757     
   761.40186363424493     
   813.98481762833501     
   866.51446513505937     
   918.97540317439814     
   967.20913215807059     
   1010.9245763358711     
