   50.538640674842938     
   100.68541720810984     
   150.87669859411602     
   201.14122177306925     
   251.50322824768028     
   301.82442471247737     
   352.34818388178888     
   403.37240842559356     
   454.94860208643763     
   507.05124098873017     
   559.61510838138088     
   612.53349578931989     
   665.55200974597562     
   718.33683650718194     
   770.92523075824124     
   823.23161107050737     
   874.66552556043803     
   923.51131819442503     
   965.39323663569860     
   1005.8531596931703     
