   54.209115494391106     
   107.98471332291929     
   161.91251132630609     
   215.95258982514062     
   270.45506448811824     
   325.97778101179932     
   382.48453996187305     
   439.79428181408429     
   497.45084861358367     
   554.92351165101798     
   612.48154994630829     
   670.19421440949873     
   728.12955533688535     
   786.26257759297130     
   844.58189752936084     
   899.26469583260757     
   948.89960179580612     
   996.89406653242384     
   1044.2509970831163     
   1090.0964537725681     
