   52.680684612955574     
   104.92658758608937     
   157.25817056644658     
   209.69812396530304     
   262.24248866184615     
   314.88620141957648     
   368.15661124068635     
   422.12619831206388     
   476.77104430683767     
   531.96915140024851     
   587.49451035241907     
   642.96247777467158     
   698.15960339666049     
   753.21609717443721     
   808.21897765018412     
   863.27245006858777     
   918.40103779177673     
   973.64845415855689     
   1028.9878243427263     
   1084.3848277305485     
