   50.104360027719636     
   99.778054430130553     
   149.44429973321027     
   199.16155050437825     
   248.93532646242255     
   298.79829278273934     
   348.72687361054255     
   398.65203928037141     
   448.48118481724907     
   498.61309622597946     
   549.14875147016778     
   600.12146985647678     
   651.51060941251228     
   703.29671626135871     
   755.40466315144022     
   807.74769448055213     
   860.18030923965330     
   912.53207320464173     
   964.66078945021036     
   1016.6004758230126     
