   53.759742889166795     
   107.05792433595633     
   160.39916544352394     
   213.81460059821401     
   267.36114400995899     
   320.97323646365362     
   374.50652778616291     
   428.46934771499656     
   483.01703812760769     
   538.16570583049258     
   593.88212745320857     
   650.07811223417821     
   706.59794188012404     
   763.16180935104683     
   819.40355806499269     
   875.37693101653656     
   931.09614605409149     
   986.58232073934710     
   1041.9221301584162     
   1097.1494004352651     
