   50.416323673969295     
   100.45220850969032     
   150.48086680568798     
   200.55779465214724     
   250.68622576651046     
   300.88548147874729     
   351.16373371206453     
   401.45661298913069     
   451.68278585671317     
   502.16089940794171     
   552.98332230040955     
   604.18073308714963     
   655.74221205574167     
   707.62797619071546     
   759.78400670567964     
   812.11720959960167     
   864.47881379362457     
   916.69309517574277     
   968.57631000394667     
   1020.1970771740951     
