   50.853379301546369     
   101.23579957283994     
   151.72280405783326     
   202.38493686024407     
   252.97610652797320     
   304.19339045596536     
   356.32267933927136     
   409.37548710065931     
   463.24136277625178     
   517.73050407749702     
   572.46636519903200     
   627.11686292747936     
   681.80779918047097     
   736.63259109349838     
   791.73666806628557     
   847.12893782514561     
   902.82203974713661     
   958.80350856244388     
   1014.1362208408613     
   1062.6728569083214     
