   48.954855488276323     
   97.490084758539368     
   146.15493653597701     
   194.94463578131501     
   243.82810044650870     
   293.58592879791769     
   344.28037105947783     
   395.83458159709318     
   448.08708403031153     
   500.68553279158539     
   553.28627993565931     
   606.03210797080430     
   658.92750615902617     
   712.04631892905218     
   765.39175861790807     
   818.94440776846773     
   872.67718779809513     
   924.49503962260883     
   970.56911143691377     
   1015.1412739759082     
