   50.596600550853530     
   100.77009863337663     
   151.03293802398912     
   201.44945798375400     
   251.77211069276518     
   302.63904583074157     
   354.29380041297941     
   406.74635860065183     
   459.89862982485408     
   513.57713448979041     
   567.42657824346793     
   621.13375541223456     
   674.83922482321691     
   728.36325456669624     
   781.26667138858340     
   828.48355074366827     
   872.15088051674843     
   914.27265349718471     
   956.33161233380099     
   997.70193346275869     
