   54.362199068807172     
   108.26913208409874     
   162.25248808641180     
   216.33702296180567     
   270.53832106015432     
   324.65875339241882     
   379.25522334271653     
   434.51412097578600     
   490.43057330883039     
   546.94880493673202     
   603.93626660098562     
   661.11032214301406     
   718.01577969696586     
   774.63666141021247     
   830.96288736242593     
   886.71767286864622     
   941.79579135477445     
   991.14702473222655     
   1035.8263166671691     
   1080.4514790779019     
