   51.659178188263326     
   102.85096681325859     
   154.08983176208682     
   205.43188979858164     
   256.90353593727241     
   308.42754504520724     
   360.03047598193257     
   412.21696119145923     
   465.06275778020313     
   518.57163763135986     
   572.68587844791205     
   627.28576386600105     
   682.15359157911178     
   736.93810154467769     
   791.54286316048865     
   845.94566560766998     
   900.10706335923828     
   953.99089018113000     
   1007.5747368085736     
   1058.2819286456224     
