   52.474479230990205     
   104.56860816007176     
   156.80345766270827     
   209.09781186034348     
   261.66243446172854     
   315.05848016332180     
   369.27342951248482     
   424.18830455976837     
   479.49874110888197     
   534.64023011459699     
   589.79913428735517     
   644.99513980998665     
   700.35271459113710     
   755.87623288840450     
   811.60636944556381     
   867.48608087161062     
   923.54317868503063     
   976.35536641335887     
   1024.1967817302761     
   1070.4468834920774     
