   54.168933338763090     
   107.93054853608729     
   161.83113851387287     
   215.77743406979761     
   270.15524063351552     
   325.46986859910191     
   381.67849222489440     
   438.61122265078393     
   495.85116601463693     
   552.88428188989144     
   609.98008631315088     
   667.19152800933387     
   724.67677724379018     
   782.42921378286178     
   840.45058635631619     
   898.72165579176294     
   955.52603505519323     
   1005.5803444900248     
   1053.8712111582222     
   1101.2757404842018     
