   50.582954393082836     
   100.76112768410124     
   151.02566452877346     
   201.42046507101676     
   251.87343317735764     
   302.49258341428856     
   353.74696481687999     
   405.68565772886700     
   458.25523871051496     
   511.35226671431457     
   564.74450267885948     
   618.03792956281757     
   671.16216245222950     
   724.17623761955235     
   776.84548764787564     
   829.01666232983337     
   880.60305265751197     
   925.03811323859782     
   967.54549582058564     
   1009.0245642561388     
