   55.360209495026055     
   110.27382166162549     
   165.22495289634728     
   220.25661550219871     
   275.39056197900209     
   330.58999115450740     
   385.65863009608819     
   441.09471523151041     
   497.05936526453797     
   553.57512261664215     
   610.60812543223892     
   668.07819798569972     
   725.82466435896345     
   783.56994030943986     
   840.92402286396532     
   898.00823592584732     
   954.70023813736782     
   1011.0746214612743     
   1067.1708638154057     
   1123.0452866572898     
