   52.941575805607563     
   105.40392916334451     
   157.96352763618839     
   210.65077450583760     
   263.45642688035571     
   316.39965745601950     
   370.07045934237362     
   424.54223744618628     
   479.78903293764614     
   535.67580242534746     
   591.96552032662294     
   648.24812935557441     
   704.28633407052109     
   760.22344304259548     
   815.90637267061754     
   871.24114566359947     
   924.34918688697485     
   970.57613565726047     
   1015.1690102500560     
   1059.1407603842006     
