   48.856512617109885     
   97.286906327941750     
   145.87953810431870     
   194.58091011318049     
   243.68925482307463     
   293.83374489309051     
   344.99746850149432     
   397.05105423437118     
   449.69722614654950     
   502.43802961461569     
   555.38465196283801     
   608.52076754642485     
   661.88189447967591     
   715.33516058539567     
   768.88800468911313     
   819.20676736407495     
   865.00394257700748     
   909.32668253164502     
   952.57599289283201     
   994.84523932247248     
