   54.428759519661163     
   108.42747104079463     
   162.42390159390479     
   216.46734427634615     
   270.58345295556489     
   324.77776852789987     
   379.05037591163313     
   433.17472747590364     
   487.52105426968245     
   542.27374182514734     
   597.48022601773823     
   653.13606128105789     
   709.20523553552198     
   765.60621997431576     
   822.20250273536510     
   878.77736006528573     
   935.10513164211284     
   991.06728211658071     
   1046.4686970292050     
   1100.7410362520270     
