   53.103901181651374     
   105.82650898216380     
   158.54862933899656     
   211.31244115596866     
   264.14323375158705     
   317.04841508394730     
   370.01734528976652     
   422.87602838676548     
   475.95076998110937     
   529.39187680392251     
   583.23292049417637     
   637.47035531783001     
   692.05939135900474     
   746.92839564797498     
   801.95153278378143     
   856.91709110212366     
   911.54840267503062     
   965.86643076962400     
   1019.7334007736843     
   1073.1105016738281     
