   47.819200359244334     
   95.212799320431245     
   142.79044259165457     
   190.34479067501931     
   238.77666542956629     
   288.40648343388727     
   339.14107656056444     
   390.76213085089989     
   442.85642383563334     
   495.13691691134181     
   547.74040331895219     
   600.56885326361191     
   653.29560668784950     
   699.35281930474105     
   743.59495637684222     
   786.39762072514429     
   828.74398845795292     
   870.10601337419484     
   912.14643121322456     
   954.12685217732610     
