   47.620303819884782     
   94.803357717235798     
   142.06640995773330     
   189.46333144146533     
   236.95730274409121     
   284.47967127047821     
   332.62731773527992     
   381.49237751163986     
   431.06631570703695     
   481.26771407299475     
   531.98491172719957     
   582.96797595580824     
   633.87244287804685     
   684.76761334624780     
   735.63805145938761     
   786.44947248079063     
   837.22089926075796     
   887.95286062475873     
   938.66755416058834     
   989.24084178783403     
