   55.311634100796482     
   110.17945076685920     
   165.17649870408894     
   220.33154599462125     
   275.72507292102858     
   332.06379155137063     
   389.38632424723755     
   447.56853256147230     
   506.26889513182078     
   564.82232941877157     
   623.32761058372705     
   681.83509882770193     
   740.41983845172763     
   799.08467571602921     
   857.81592670520104     
   909.36518066208475     
   958.65133740560464     
   1006.2244471470716     
   1053.1210112457181     
   1099.5579632067418     
