   50.215366892155906     
   100.03444497483154     
   149.88411843568721     
   199.80986364408815     
   249.81468825992823     
   299.87220001612741     
   349.78983669462349     
   400.06365796939110     
   450.81456320992737     
   502.07349450883072     
   553.80769183103644     
   605.95817920908439     
   658.42094552742651     
   710.98848645398391     
   763.39677516514087     
   815.65390984952171     
   867.64986030333591     
   919.47854868782349     
   971.10476315550022     
   1022.5628054135086     
