   53.843997174283757     
   107.26280142307397     
   160.84358919543021     
   214.43333580076208     
   268.94922922587818     
   324.63869804517833     
   381.37490289287331     
   438.84828204011683     
   496.33912926864588     
   553.94711349629858     
   611.74339672840347     
   669.98739308623908     
   728.61614594812886     
   787.63393108673756     
   847.01128906992494     
   905.89529761750373     
   957.34349626397182     
   1007.0430929182280     
   1055.3512840890949     
   1102.9241292028723     
