   53.801264431494793     
   107.20520431507629     
   160.69638574660013     
   214.29889912204754     
   267.92270386733435     
   321.68704423423321     
   376.02599153883153     
   431.00075997216476     
   486.55534326115736     
   542.57104261774282     
   598.77551157887842     
   654.69162141920231     
   710.38004831362525     
   765.86039749255656     
   821.13571201127525     
   876.18155802944977     
   931.08084438194976     
   985.80071947317094     
   1036.9046466566444     
   1082.5512634245802     
