   49.437156989696163     
   98.414070568219401     
   147.39791851921080     
   196.42337718119705     
   245.49719588777054     
   294.65925939452495     
   343.86535657937662     
   393.16217452418863     
   442.41537310911690     
   491.68538474214546     
   541.27390959363822     
   591.24845145990821     
   641.65395445748413     
   692.45890224451864     
   743.64602518344680     
   795.16319947935949     
   846.93410317129076     
   898.81309931563862     
   950.66176802271787     
   1002.3926649609874     
