   49.410381412572953     
   98.406476595884371     
   147.40291203556572     
   196.44938967800039     
   245.57707375884516     
   294.79629072349923     
   344.07492074290019     
   393.23527522897086     
   442.69456626180056     
   492.60085825626322     
   542.98573602226134     
   593.84756867014607     
   645.13630631745343     
   696.79774110591370     
   748.71657690308609     
   800.71193818892334     
   852.57676169887588     
   904.26230898172344     
   955.71748057086461     
   1006.9747520780021     
