   54.344940333176318     
   108.27069211478332     
   162.29687607965988     
   216.48062798351418     
   270.62683912462512     
   325.46536518565267     
   381.11892767541508     
   437.53921021334554     
   494.56419779191032     
   551.82636603855360     
   608.78067821663069     
   665.65483951318527     
   722.31444307513300     
   778.24472073883032     
   827.15574258154379     
   873.21682348795127     
   917.63397232306340     
   961.74239539514679     
   1005.5069548671029     
   1049.2876763696743     
