   49.332241303738819     
   98.270330014279494     
   147.24147651396481     
   196.28053483872998     
   245.38845716915640     
   294.59711224127261     
   343.70121908941400     
   393.10267444340764     
   442.96661731708656     
   493.33216396451439     
   544.17448861591186     
   595.44349779199172     
   647.05187017994956     
   698.84424605519575     
   750.56016263885306     
   802.07887072328026     
   853.36979333524505     
   904.26346895734639     
   954.53858874869366     
   1004.1936303708231     
