   48.235758707822320     
   96.036130788904870     
   143.90641883352757     
   191.88254144242057     
   239.97907951716178     
   288.03010107242119     
   336.58007553109934     
   385.79797695350993     
   435.69963484418696     
   486.22816518987878     
   537.28925427837964     
   588.70063569862145     
   640.17819186148154     
   691.50838780721983     
   742.78518349393437     
   793.86108950123742     
   844.57435123155960     
   894.89385449914016     
   942.82710827198150     
   984.77762677838882     
