   53.880873667919857     
   107.35331236519889     
   160.90329030222472     
   214.59093939222174     
   268.15620476348323     
   322.19949355610203     
   376.96213162283351     
   432.43665628535859     
   488.54152707755594     
   545.06595605758525     
   601.59902486183398     
   657.84063285934076     
   713.95666576222959     
   769.64047976846200     
   824.59654118326023     
   872.94694111570948     
   918.28963435720175     
   962.19269459981058     
   1004.7870435172960     
   1048.0219082811229     
