   55.407194775925618     
   110.35349059899977     
   165.34428169787918     
   220.41699560682852     
   275.58362658058536     
   330.83421520926640     
   386.05107387850637     
   441.75455329181818     
   498.05815564237031     
   554.96440043896871     
   612.41911607230088     
   670.30381026059399     
   728.39573670963034     
   786.31813279930168     
   843.92156909796995     
   901.12702952798145     
   958.03012479954680     
   1014.5904065163719     
   1070.8375242966722     
   1125.2162239611505     
