   55.513152597460326     
   110.61522886369832     
   165.92053334449588     
   221.43824773012750     
   278.21524228972402     
   336.23113364350320     
   395.19599404542748     
   454.37292173660188     
   513.65256532751562     
   573.19143852555953     
   632.72528752260894     
   685.01483176571048     
   735.20522479546116     
   783.86040634158041     
   831.62531744931402     
   878.36648771440196     
   926.04563465765966     
   973.55955719962117     
   1021.6182356625558     
   1070.2684225164296     
