   54.291629906498528     
   108.17343313018141     
   162.05950778562516     
   216.02228526078088     
   270.04357887334152     
   324.13868065722107     
   378.20041106007977     
   432.24284350817783     
   486.63813330829703     
   541.46584697992569     
   596.74400544247510     
   652.43476734216370     
   708.46844004866136     
   764.71302448700419     
   820.93103412954213     
   876.87796140950968     
   932.50267779323929     
   987.55504512793982     
   1041.3144996964365     
   1089.1310802312221     
