   49.307864645477331     
   98.166750424639503     
   147.16044655682194     
   196.31633638809322     
   245.61165490158515     
   295.86921852029252     
   347.16169714381772     
   399.39740546245332     
   452.39462041520875     
   505.77356755200572     
   559.17675832666589     
   612.75273944798289     
   666.52991078359480     
   720.62304097881690     
   775.00382223097199     
   829.66641208683541     
   884.55994465681931     
   933.22932651319366     
   979.54923961215331     
   1024.2297343125972     
