   51.172143236573312     
   101.89323968346466     
   152.70804926871313     
   203.67712779653661     
   254.72273775555729     
   306.00782554978167     
   358.03827315810241     
   410.87100577643400     
   464.43931271604964     
   518.62989853771330     
   573.16851716807787     
   627.61588068473873     
   681.95908935041928     
   736.25277434337920     
   790.57333221423892     
   844.98673721060288     
   899.52341899889439     
   954.17951015138090     
   1008.9255560493755     
   1058.8758241802684     
