   48.308342427043662     
   96.168730792790285     
   144.02152515359012     
   191.93074965571742     
   239.89985774256684     
   287.95883921034493     
   336.10308884020679     
   384.25660548529493     
   432.32537323950424     
   480.72205350187829     
   529.56185883684850     
   578.87654546441536     
   628.64629165727251     
   678.85302845710578     
   729.42730664383851     
   780.29442806156305     
   831.31764826148549     
   882.33447532744628     
   933.22150791549961     
   983.94584203644081     
