   52.992331413912851     
   105.51739991728769     
   158.05144151982682     
   210.63001560395156     
   263.26695935086190     
   315.97003624387713     
   368.77433818099405     
   421.62352060917243     
   474.38002804640541     
   527.28969544987785     
   580.53218144770346     
   634.19111466764582     
   688.27080422251743     
   742.75375465298021     
   797.59788153182683     
   852.71421170207952     
   907.95536322235580     
   963.15980358598449     
   1018.1663892174693     
   1072.7921122816053     
