   54.075508894140889     
   107.71234700688876     
   161.39773336124136     
   215.16905143454846     
   269.04608184942998     
   322.76118878241357     
   376.79774106138586     
   431.40338596297653     
   486.62828538115753     
   542.43522664266550     
   598.72484821731734     
   655.33912703763826     
   711.92903064329892     
   768.21738381802061     
   824.25371436441469     
   880.12286956400862     
   935.88374363738239     
   991.61823821198630     
   1047.3308432639685     
   1103.0624576828498     
