   84.647114738430460     
   168.92605376992546     
   253.41699769208142     
   338.20783499270442     
   423.82696770899071     
   509.58429158050615     
   593.00863583512796     
   675.26541204956879     
   757.85963579340091     
   841.10944681237186     
   925.18973226867638     
   1008.1078260209824     
   1080.4842393969145     
   1150.0308070767226     
   1219.1305809887438     
   1286.4638090583235     
   1355.0519497554851     
   1424.6759833945957     
   1495.2463138867729     
   1566.7252497050670     
