   3.5897751941360699E-031
   7.1516666309809596E-031
   1.0713436844789157E-030
   1.4278154372190373E-030
   1.7847399962047678E-030
   2.1421799312958507E-030
   2.5000600948449356E-030
   2.8567458359120013E-030
   3.2150570729622428E-030
   3.5760978093087016E-030
   3.9400957356929357E-030
   4.3070540116912662E-030
   4.6767125369849010E-030
   5.0485959535734760E-030
   5.4218576934674433E-030
   5.7952244351707615E-030
   6.1673117553238078E-030
   6.5372947401383419E-030
   6.9050924490563448E-030
   7.2695031725194791E-030
