   3.6633352932732416E-031
   7.2959218691702012E-031
   1.0928168002373678E-030
   1.4564204021108724E-030
   1.8204411300584476E-030
   2.1851189640140015E-030
   2.5502656289354285E-030
   2.9155696612170691E-030
   3.2801074584247937E-030
   3.6464967950300946E-030
   4.0156563004787446E-030
   4.3877746304038368E-030
   4.7627057339761835E-030
   5.1403303413964316E-030
   5.5200589510715130E-030
   5.9012069921624113E-030
   6.2825186014682978E-030
   6.6625967239426343E-030
   7.0401982148921902E-030
   7.4156495120992979E-030
