   4.9392881656194829E-031
   9.8419214085924798E-031
   1.4754399719387483E-030
   1.9679922832397286E-030
   2.4621435587730514E-030
   2.9640505141316167E-030
   3.4740822737636547E-030
   3.9911358930017490E-030
   4.5131292149865322E-030
   5.0356750828875899E-030
   5.5575168441140265E-030
   6.0800035180622162E-030
   6.6038750913126277E-030
   7.1291928714062589E-030
   7.6561289803677035E-030
   8.1846264694195113E-030
   8.7028656320563873E-030
   5.5421524496798583E-004
   6.1195554057294732     
   15.096260040675123     
