   2.3289367107899681E-031
   4.6387303179533894E-031
   6.9488949182601298E-031
   9.2608914273376539E-031
   1.1575230451381020E-030
   1.3892208515771314E-030
   1.6213341353298213E-030
   1.8536101114797652E-030
   2.0854659359318748E-030
   2.3179472499893261E-030
   2.5517438693988392E-030
   2.7871860574315320E-030
   3.0243124190109097E-030
   3.2630412838634857E-030
   3.5032028950320014E-030
   3.7444156041904455E-030
   3.9860650630493330E-030
   4.2274335703264437E-030
   4.4678225108380435E-030
   4.7064566075628844E-030
