   1.2806818592482238E-031
   2.5499069102506271E-031
   3.8201518001127808E-031
   5.0923858969754467E-031
   6.3669914709184362E-031
   7.6439597838078268E-031
   8.9178392647035374E-031
   1.0201219745006022E-030
   1.1499066079267657E-030
   1.2811752979800544E-030
   1.4138681399653061E-030
   1.5477992784352266E-030
   1.6826918047077442E-030
   1.8179693018809402E-030
   1.9528409301439817E-030
   2.0872545625755999E-030
   2.2208949357368639E-030
   2.3539037271312437E-030
   2.4860850145570060E-030
   3.2600249842208827E-011
