   2.2524146917621495E-031
   4.4849758961091077E-031
   6.7216620122110242E-031
   8.9651385869517555E-031
   1.1211984845476113E-030
   1.3469377241949031E-030
   1.5759579569929220E-030
   1.8085096641417650E-030
   2.0442991923199125E-030
   2.2828278849027300E-030
   2.5228880036101427E-030
   2.7625416123919859E-030
   3.0017265437868485E-030
   3.2406761125443576E-030
   3.4797292927613252E-030
   3.7191841756321202E-030
   3.9591875785101437E-030
   4.1998154546360190E-030
   3.5900742170609924E-004
   4.8168144186010107     
