   2.3225463811724059E-031
   4.6281530071617150E-031
   6.9356176883706521E-031
   9.2464212448030990E-031
   1.1561358257846007E-030
   1.3876172001974400E-030
   1.6196670139856695E-030
   1.8537258027100253E-030
   2.0900663076413383E-030
   2.3285784492117347E-030
   2.5689713332498465E-030
   2.8107452754137206E-030
   3.0526761893961305E-030
   3.2931201135936329E-030
   3.5322937207743877E-030
   3.7698241442128283E-030
   4.0042884073547292E-030
   8.1776576997304374E-019
   2.2340229410002217     
   9.9755860268653045     
