   1.2589166133430397E-031
   2.5085114601510188E-031
   3.7604775819634067E-031
   5.0152478235999636E-031
   6.2694035041537364E-031
   7.5404206146551413E-031
   8.8302766726596948E-031
   1.0137354486992982E-030
   1.1458159629252194E-030
   1.2784602629333988E-030
   1.4106493850120355E-030
   1.5428489948923922E-030
   1.6749829153085551E-030
   1.8069005144561931E-030
   1.9385064815931082E-030
   3.6623499563116111E-023
   1.7934758975012763     
   9.5992429658683829     
   19.895725378103243     
   32.065634516880202     
