   1.2932456049681441E-031
   2.5769555134201526E-031
   3.8615095937581702E-031
   5.1477191683203309E-031
   6.4363011753357268E-031
   7.7263025558540860E-031
   9.0141151507655451E-031
   1.0309560084124881E-030
   1.1616106808341283E-030
   1.2934321159098349E-030
   1.4263443511485336E-030
   1.5601883122108155E-030
   1.6946502492316571E-030
   1.8291175929532043E-030
   1.9627500712119422E-030
   2.0956728825202098E-030
   2.2276116997944212E-030
   2.3583078113417274E-030
   2.4876199750676809E-030
   4.9669702766622292E-020
