   7.5110223877320217E-031
   1.4955815774784668E-030
   2.2401880853174665E-030
   2.9854257739396766E-030
   3.7314907638410588E-030
   4.4784930890173579E-030
   5.2269301015519414E-030
   5.9760030888919101E-030
   6.7237616011935341E-030
   7.4736896376895405E-030
   8.2283340288103898E-030
   8.9888804224186835E-030
   9.7553899825699000E-030
   1.0527614553179192E-029
   1.1304957393588755E-029
   1.2086156550133350E-029
   1.2869121853921031E-029
   1.3651562543028612E-029
   1.4431192024738930E-029
   1.5205410030753097E-029
