   7.4073426768280759E-031
   1.4757679955740016E-030
   2.2109235820243149E-030
   2.9466032569530390E-030
   3.6828756787579135E-030
   4.4201015533361757E-030
   5.1584098048699928E-030
   5.8972137815233024E-030
   6.6347525544372034E-030
   7.3735391808054626E-030
   8.1160567769417472E-030
   8.8632112568720668E-030
   9.6152438886871569E-030
   1.0371967123640895E-029
   1.1132697971387545E-029
   1.1896509585130129E-029
   1.2661774097423810E-029
   1.3426459746554440E-029
   1.4188278499264424E-029
   1.4944663615538158E-029
