   7.3077991232731930E-031
   1.4549566773697364E-030
   2.1797970634875675E-030
   2.9060949664687610E-030
   3.6341883953802777E-030
   4.3629677714915771E-030
   5.0927794590129062E-030
   5.8308171109873878E-030
   6.5781590841875999E-030
   7.3348746513211939E-030
   8.1001501968089747E-030
   8.8723159661776037E-030
   9.6483575095893129E-030
   1.0423321819324885E-029
   1.1195908808472046E-029
   1.1965587753290418E-029
   1.2731996658393311E-029
   1.3494411330254541E-029
   3.3248130150709894E-014
   2.2481790870220633     
