   5.1593043254126721E-031
   1.0272632655278204E-030
   1.5390319386895636E-030
   2.0515588798847602E-030
   2.5652291874522920E-030
   3.0797268510236143E-030
   3.5933810258601666E-030
   4.1109114977780195E-030
   4.6342896785206099E-030
   5.1636299987783406E-030
   5.6986930566118416E-030
   6.2387419070669546E-030
   6.7824906615730913E-030
   7.3275001685304886E-030
   7.8705064534647937E-030
   8.4113561884143919E-030
   8.9485173590919296E-030
   9.4799914620245078E-030
   1.1755254429054265E-004
   4.1217853194892964     
