   1.2621470409275431E-031
   2.5126889290974147E-031
   3.7634601297911045E-031
   5.0152334165291088E-031
   6.2683148269676226E-031
   7.5235289847578978E-031
   8.7803554393900616E-031
   1.0038988126807605E-030
   1.1296459616250592E-030
   1.2555332515741708E-030
   1.3822079469593992E-030
   1.5098591968260927E-030
   1.6385680906252512E-030
   1.7682795880920237E-030
   1.8989312375017750E-030
   2.0303382510838684E-030
   2.1622804798111064E-030
   2.2943714405035624E-030
   2.4261924076061872E-030
   2.5574700131125728E-030
