   9.1591937650302865E-031
   1.8243783834548864E-030
   2.7326762672017806E-030
   3.6419282258342155E-030
   4.5524644047459372E-030
   5.4643597211968238E-030
   6.3774251240095442E-030
   7.2903776734922825E-030
   8.2036887968338398E-030
   9.1230177505388486E-030
   1.0049850546151837E-029
   1.0984481681825518E-029
   1.1926504925025256E-029
   1.2875166988714341E-029
   1.3828919587418040E-029
   1.4785428127256956E-029
   1.5741019872748010E-029
   1.6691815223186595E-029
   1.7637880082401061E-029
   1.8579110969390452E-029
