   9.3051743391628867E-031
   1.8544936210510908E-030
   2.7783615631867136E-030
   3.7030622686138312E-030
   4.6289926780718051E-030
   5.5563078325770959E-030
   6.4844113854402363E-030
   7.4113121855082831E-030
   8.3397499589253350E-030
   9.2733517431990282E-030
   1.0213185062190774E-029
   1.1159607887916917E-029
   1.2112170058772204E-029
   1.3069915151364836E-029
   1.4031272760739201E-029
   1.4993419660044230E-029
   1.5952327378926472E-029
   1.6904154277279625E-029
   1.7850288076280431E-029
   1.8789119128719600E-029
