   3.6429533012271258E-031
   7.2571816758698608E-031
   1.0871389964907710E-030
   1.4488860218708212E-030
   1.8111518250147554E-030
   2.1739837981424367E-030
   2.5373144932906949E-030
   2.8998624814680096E-030
   3.2641578700261128E-030
   3.6313125275334451E-030
   4.0015851070488538E-030
   4.3749793163063725E-030
   4.7511180707050205E-030
   5.1295339791667491E-030
   5.5092829109120446E-030
   5.8888850785600699E-030
   6.2664926450822186E-030
   6.6420692932314271E-030
   7.0147156974502868E-030
   7.3836808414363956E-030
