   5.0697899470126988E-031
   1.0095138710390675E-030
   1.5124056831056081E-030
   2.0161005864675067E-030
   2.5204991003739824E-030
   3.0258896662037421E-030
   3.5297154338419848E-030
   4.0370506682324046E-030
   4.5498271652299695E-030
   5.0682768344252182E-030
   5.5921797928901387E-030
   6.1208806589216561E-030
   6.6533557368044381E-030
   7.1875640192301297E-030
   7.7206956777303253E-030
   8.2520035492258905E-030
   8.7802536026076441E-030
   9.3041655241373145E-030
   3.7676874669832603E-014
   2.2333237520637299     
