   1.2692103468219523E-031
   2.5271650632495937E-031
   3.7860328993014231E-031
   5.0469410183215046E-031
   6.3096616326711273E-031
   7.5749000320258169E-031
   8.8362487077574657E-031
   1.0106587993614453E-030
   1.1390773752365753E-030
   1.2689401187272694E-030
   1.4001876054311503E-030
   1.5326535909140337E-030
   1.6660791126043180E-030
   1.7999463336343886E-030
   1.9335459175839376E-030
   2.0667021823147570E-030
   2.1991356787854080E-030
   2.3310087588371117E-030
   2.4620389602869207E-030
   8.8736759746517031E-017
