   2.2901953446789894E-031
   4.5611604917934060E-031
   6.8341463135825695E-031
   9.1113036572711306E-031
   1.1393547126891902E-030
   1.3677211393625825E-030
   1.5965367849510701E-030
   1.8276722674862144E-030
   2.0614762730865666E-030
   2.2979577764288818E-030
   2.5367982860242283E-030
   2.7774955235735961E-030
   3.0189765856949819E-030
   3.2597289610304321E-030
   3.4994627240638654E-030
   3.7382053134294030E-030
   3.9747659008169605E-030
   4.2089111475786892E-030
   1.4240900382868684     
   8.6944656998432723     
