   2.3361931621686957E-031
   4.6531444391230958E-031
   6.9704499143068439E-031
   9.2896241157028584E-031
   1.1611229862585055E-030
   1.3935515444771578E-030
   1.6263869075560933E-030
   1.8594232771928180E-030
   2.0920730322330816E-030
   2.3253555614109403E-030
   2.5599727761032150E-030
   2.7962607907753881E-030
   3.0342597815518277E-030
   3.2738665043176000E-030
   3.5149240667814474E-030
   3.7570403888062649E-030
   3.9995810842563956E-030
   4.2417881260691201E-030
   4.4829682539247401E-030
   4.7223667716145724E-030
