   1.2821639651212922E-031
   2.5546016832389761E-031
   3.8283152494618716E-031
   5.1046278647392525E-031
   6.3826809573030909E-031
   7.6568141891920039E-031
   8.9399186106340809E-031
   1.0236023163818349E-030
   1.1545718860929386E-030
   1.2868008123402052E-030
   1.4200451054743938E-030
   1.5538634336257026E-030
   1.6874188369638478E-030
   1.8203989187435536E-030
   1.9527709534299398E-030
   2.0834397990061438E-030
   3.9791707314676912E-002
   4.8253429665790684     
   13.726434406836429     
   23.976977926049322     
