   9.2901855246896236E-031
   1.8515150711863394E-030
   2.7738998494386779E-030
   3.6971274404161372E-030
   4.6215698709933245E-030
   5.5473615603349305E-030
   6.4739059597459501E-030
   7.3992095353051157E-030
   8.3259713388685615E-030
   9.2578782461273704E-030
   1.0195970482429532E-029
   1.1140608832995038E-029
   1.2091338716293869E-029
   1.3047244244887838E-029
   1.4006771798329313E-029
   1.4967127420929200E-029
   1.5924290094907819E-029
   1.6874533688722518E-029
   1.7819146952156529E-029
   1.8756594882408002E-029
