   2.3086994070949005E-031
   4.5987545689095665E-031
   6.8908304556750363E-031
   9.1867433230173094E-031
   1.1486974991816912E-030
   1.3785527649080970E-030
   1.6090545451881081E-030
   1.8418178457351459E-030
   2.0771750083539293E-030
   2.3150218283265474E-030
   2.5550597140041838E-030
   2.7967814195553224E-030
   3.0390386853513953E-030
   3.2802595885561056E-030
   3.5206417708001746E-030
   3.7599813247896147E-030
   3.9987381207183156E-030
   4.2370884557536566E-030
   4.4751749256759688E-030
   4.7133973380394575E-030
