   9.1430879099913263E-031
   1.8213081699652663E-030
   2.7286555124431280E-030
   3.6370844624315373E-030
   4.5474492807766756E-030
   5.4589561864525607E-030
   6.3695602335433954E-030
   7.2829264372947020E-030
   8.2035946383592171E-030
   9.1327781252608738E-030
   1.0070491476803321E-029
   1.1016056013591315E-029
   1.1967945146242385E-029
   1.2923990333920233E-029
   1.3879586749075608E-029
   1.4829654960669909E-029
   1.5775881476160636E-029
   1.6712183866199620E-029
   3.2418348995455313E-029
   1.7124725470701432     
