   9.0917058095298503E-031
   1.8102787725266445E-030
   2.7130468672021985E-030
   3.6183278879243391E-030
   4.5238932580054982E-030
   5.4346955218575600E-030
   6.3589561140876927E-030
   7.2977175114045055E-030
   8.2497751671960425E-030
   9.2127201456146668E-030
   1.0181723817222514E-029
   1.1148945323009327E-029
   1.2114982513172014E-029
   1.3080184998066706E-029
   1.4046955248298242E-029
   1.5015794730220295E-029
   1.5987751920425585E-029
   1.1858128248959843E-019
  0.77646633614380245     
   8.4846770705999415     
