   50.279136221586164     
   100.14902434383048     
   150.02034956005480     
   199.95003175155819     
   249.96982685105999     
   300.08220718907774     
   350.24850105709316     
   400.34099000931815     
   450.73265269172975     
   501.57735958034237     
   552.89617550910543     
   604.67748323826640     
   656.87837197340150     
   709.41613325804815     
   762.17292244892383     
   814.93055576238487     
   867.43982880280726     
   919.75818080654528     
   971.74774878551295     
   1023.4922356992982     
