   53.533663240049805     
   106.59871379710030     
   159.65293944715248     
   212.76731760676483     
   265.95920162673832     
   319.22839857137433     
   372.58074193147269     
   425.98505671642778     
   479.35585115865291     
   533.09927949724715     
   587.30861109083548     
   641.99873188230254     
   697.16663973534799     
   752.75242146311462     
   808.67246096769395     
   864.77505102642476     
   920.84790501592772     
   976.67066912864732     
   1032.1559619889824     
   1087.2683656515478     
