   75.956208941745146     
   151.55924096232627     
   227.28463665684683     
   302.99301111468105     
   378.80230364899984     
   455.07926716224284     
   531.68068400891559     
   608.17159042425101     
   683.35787533836844     
   757.28045177820627     
   829.92534878205129     
   896.16491869118715     
   954.84918666515682     
   1011.7314401730613     
   1067.0349398424109     
   1123.3750585208761     
   1179.4549979208687     
   1236.2459958251820     
   1293.7459465620666     
   1351.9697176025554     
