   53.521901478499508     
   106.60919872244207     
   159.69611864221275     
   212.82986614337023     
   266.04452798166142     
   319.34907179156772     
   372.69994516481705     
   425.90777974536479     
   479.39948776654677     
   533.34222424771178     
   587.76861305201908     
   642.66228164831080     
   697.97923981897623     
   753.63465591985653     
   809.47894845679116     
   865.27697850164805     
   920.77079203578273     
   975.99788886932834     
   1030.5211340571555     
   1083.2305970261875     
