   52.289055979356419     
   104.17550384327798     
   156.07057837531408     
   208.00263530794950     
   259.97719571248740     
   312.01827685934478     
   364.13735195510679     
   416.29097230885674     
   468.35802711985241     
   520.51403284967114     
   572.93393238574868     
   625.68162961919904     
   678.77370716763755     
   732.19732861092234     
   785.90395683683880     
   839.82803796446774     
   893.85421755853963     
   947.83828131407790     
   1001.6184077011429     
   1055.0120331566761     
