   76.443843961282113     
   152.24011282491094     
   228.23092472796307     
   304.50867461644731     
   380.93797415726584     
   458.45546143464810     
   537.23581256255943     
   617.06329612569925     
   697.14289986801123     
   775.78417716783326     
   853.38227398876359     
   931.25148905663900     
   1009.9570781897261     
   1089.5591282903349     
   1158.8265233095447     
   1224.6477741054869     
   1288.2137145891681     
   1351.8891914975322     
   1416.4034669133871     
   1481.6981493053790     
