   47.218790529995367     
   94.041522677932363     
   140.85370691614040     
   187.71230236224258     
   234.60946270753553     
   281.55823116747479     
   328.58905646833927     
   375.66035995054347     
   422.76474972128892     
   469.77924914822870     
   516.99320208753898     
   564.50689222792835     
   612.36204641080542     
   660.55636893898873     
   709.08806222140277     
   757.91266694731030     
   806.98251957430932     
   856.23198907981691     
   905.54638642031432     
   954.79783978926741     
