   49.194919176400333     
   97.973775215787470     
   146.91053131128047     
   195.84066611345239     
   245.75960695492577     
   296.88736691994410     
   349.10144327402674     
   402.13528101669220     
   455.48355835350355     
   509.05523344783290     
   562.91878155068628     
   616.87123350967818     
   669.77991661969850     
   716.11500582289887     
   760.40048501907938     
   803.43881780776871     
   846.72584221688965     
   888.97278747104792     
   932.12011874169343     
   975.01431398952832     
