   52.987991662376217     
   105.51517363417329     
   158.04088430276227     
   210.62301908602868     
   263.26768232511591     
   316.00583881403441     
   368.80260817060554     
   421.65076623378718     
   474.38323320805853     
   527.37433120350011     
   580.76770460724049     
   634.59587971908877     
   688.86023316623800     
   743.52883944375242     
   798.54109520517318     
   853.79542578291068     
   909.12053766303893     
   964.31771827813066     
   1019.2174085627444     
   1073.7875112828008     
