   54.344940333176318     
   108.28017859694725     
   162.21590464914999     
   216.20414348791263     
   270.28381850931868     
   324.44867785383906     
   378.64718361883178     
   432.73094976987227     
   487.10123628758669     
   541.88961155491756     
   597.12023280742437     
   652.77617251088134     
   708.80997568807163     
   765.12248899506812     
   821.55470361497487     
   877.82268610627875     
   933.67875178880388     
   989.20889757814427     
   1044.3223584129098     
   1099.0690633815643     
