   54.805386443178172     
   109.21478694746064     
   163.62275408310430     
   218.07014880150399     
   272.58048671031588     
   327.16708279124475     
   381.80866877330874     
   436.28522646318663     
   490.97546285136826     
   546.03662197447375     
   601.50854785694833     
   657.38268911392333     
   713.61427321336600     
   770.11800311936520     
   826.75735890314570     
   883.28850452859854     
   939.46776777730088     
   995.28358414174738     
   1050.7030584993763     
   1105.6346432165415     
