   47.772378920981218     
   95.107984066139622     
   142.43349353453169     
   189.81495431296341     
   237.26940306819799     
   284.79736073780469     
   332.40016066723496     
   380.03072362975666     
   427.66027251926687     
   475.67319572895434     
   524.14782678531253     
   573.09965416749901     
   622.52501194260253     
   672.38025627178763     
   722.60243801841477     
   773.08496420286031     
   823.69378128942390     
   874.26697952553911     
   924.67457558042520     
   974.93973736766100     
