   91.145916999489572     
   181.78475559739761     
   272.55245285858808     
   363.52735161210012     
   454.52072686013037     
   545.91480115125569     
   637.90310454651853     
   730.26421558860670     
   821.90713029576614     
   910.49089545905281     
   996.81743006172917     
   1077.6919160121979     
   1147.1747803683168     
   1214.9694781992930     
   1281.7014405632956     
   1348.0856599162007     
   1415.3095200911634     
   1483.3901204290064     
   1552.3626806918514     
   1622.2603522089539     
