   65.713588843231321     
   131.00658308106847     
   196.45674430243434     
   262.03868714264257     
   327.92639265756696     
   394.65007668690259     
   462.15702110490275     
   530.16514324137950     
   597.88626256360101     
   664.62220922784172     
   731.02026238081953     
   797.29914010406492     
   863.49682101182884     
   929.67897873393895     
   986.81922039354276     
   1040.7613960361798     
   1094.3184217338853     
   1146.1234167731045     
   1198.7572548799160     
   1251.8232960334233     
