   54.428759519661163     
   108.42695553810053     
   162.54203809876725     
   216.81273122230189     
   271.24097009621471     
   326.56201412076126     
   382.83248473775984     
   439.92054339709796     
   497.55951181455845     
   555.19518860115011     
   612.69602484027951     
   670.19013540561093     
   727.73727169814902     
   785.31434206936729     
   842.93054101123005     
   896.11675531741616     
   944.77667955127345     
   991.56526012798588     
   1038.2644592820573     
   1083.6541057449517     
