   90.293181462590141     
   180.14830062945225     
   270.27477129035441     
   360.79834221264332     
   452.34993553680567     
   544.13128434821931     
   633.04275470601760     
   720.59049621224267     
   808.92195423809630     
   898.37281436973524     
   989.08046914266947     
   1068.2641077845267     
   1144.3517998038558     
   1219.1999732062345     
   1291.6864294550976     
   1365.5245567687450     
   1440.5743572381448     
   1516.7139761978181     
   1593.9014779217307     
   1672.1337849331746     
