   68.146744012776168     
   135.68345790250055     
   203.45582763209126     
   271.47650082169935     
   340.17999628380727     
   410.31968488085897     
   481.83173192665066     
   554.27129154517854     
   626.39037072880490     
   697.93816763696884     
   769.46406031528306     
   840.30290215754246     
   901.82870234507402     
   960.48147648021279     
   1017.8840092450723     
   1075.8859537799337     
   1133.8244583259443     
   1192.4998871291175     
   1251.9077099273359     
   1312.0352405846131     
