   86.048552860763223     
   171.59106836400869     
   257.32154638672574     
   343.26268981693698     
   429.55278852910305     
   516.70688579751572     
   604.51782641270995     
   691.94380317919558     
   776.60642027058975     
   859.78675149876847     
   935.00316317568729     
   1002.9972989072432     
   1068.8171127338524     
   1133.4449887207979     
   1198.1251040387583     
   1263.6957726416090     
   1330.2074957362615     
   1397.6617285171819     
   1466.0875679237029     
   1535.4987011265453     
