   91.421272467981240     
   182.26475561540454     
   273.24931836223715     
   364.43724585721003     
   455.52870463779749     
   547.14327287344395     
   639.46116374367307     
   732.25244617205738     
   824.50360051669361     
   914.24852920014098     
   1001.6397472933936     
   1085.6411330064930     
   1157.9672924386552     
   1228.7103076312608     
   1297.3134820540367     
   1366.1946692759941     
   1435.8662844474977     
   1506.3202188061191     
   1577.6605047338282     
   1649.9195190339769     
