   49.442303374886379     
   98.444096271658381     
   147.60633025080864     
   196.89710087053780     
   246.67174741710585     
   297.54339224165335     
   349.48123273545372     
   402.33711654795377     
   455.78216257077304     
   509.30538578303469     
   563.05262563573103     
   617.01891024608733     
   671.40143048521168     
   726.14788694847334     
   781.24834732592706     
   836.66970524501517     
   892.40641100113635     
   941.60317450917648     
   988.67458408977132     
   1034.1689696830856     
