   97.568937161450066     
   194.66399016113988     
   292.02259841259001     
   389.86508626887081     
   488.68205024872356     
   587.07444417959289     
   681.68561205333458     
   775.18900752530340     
   862.02901839758920     
   941.24231914464656     
   1018.0804038613517     
   1093.6240116991112     
   1169.9916734488697     
   1247.6404172832513     
   1326.6702414329923     
   1407.0639918942850     
   1488.8179566227525     
   1571.9274824099332     
   1656.3806620816158     
   1742.1575754144326     
