   83.387360557672665     
   166.33092316032349     
   249.25405753491376     
   333.24609343284641     
   418.50299915953485     
   503.64302471262351     
   587.20823481318212     
   670.57041276787561     
   754.72863472657320     
   828.54010745807284     
   899.58122625841384     
   969.05921350916401     
   1037.3484101896759     
   1106.5245681206131     
   1176.6144137146134     
   1247.8392775115599     
   1320.1635925595194     
   1393.5822005523748     
   1468.0873244759621     
   1543.6693900740938     
