   80.230744961728874     
   159.96710013519635     
   239.76823148284504     
   319.70319830408289     
   399.72462772386837     
   479.58946272972918     
   559.67706096847780     
   640.20801214995060     
   721.16648249543539     
   802.41697637431537     
   883.50750187043138     
   963.30299828142006     
   1041.2893953855121     
   1118.1374863106305     
   1194.4316500919003     
   1270.3872193333439     
   1345.5839741417051     
   1411.3646549183225     
   1471.3506544516110     
   1531.9097071574292     
