   76.560293281960384     
   152.79162860129586     
   229.10555431626298     
   305.20554170550895     
   381.85498737188306     
   458.94748717692289     
   536.01150133330964     
   611.81400421020408     
   686.65513870789414     
   761.05857831918024     
   835.16449276708545     
   909.24115347175973     
   976.47472485407468     
   1037.8364691948200     
   1098.3673670637697     
   1157.1180122492572     
   1216.8224732610142     
   1277.0996978210133     
   1338.1019150385841     
   1399.8437728594920     
