   76.557910095894030     
   152.66940372733700     
   228.82872174528649     
   305.07243470593733     
   381.42566348631698     
   457.74446077091989     
   534.11859408988676     
   610.82876339976985     
   687.96865047717699     
   765.43305133431647     
   842.94840358158376     
   919.88276809768854     
   995.25907662932786     
   1069.3772078345432     
   1142.1280695351636     
   1213.6590634571471     
   1277.4101364941123     
   1334.7967489454595     
   1391.0133699385963     
   1447.4638242492224     
