   54.639226859693714     
   108.88069785067518     
   163.16449120825465     
   217.53493473860465     
   272.00338764117868     
   326.48581495811544     
   381.04206385585923     
   436.03845628307914     
   491.54749121828172     
   547.55896537568378     
   604.00471221278178     
   660.76252787829083     
   717.55057664156345     
   773.96299202465298     
   830.02931571067757     
   885.76222039018000     
   941.21058862180325     
   996.42953438864186     
   1051.4414074168469     
   1106.2805460602485     
