   77.399100666748907     
   154.31555194551848     
   231.42772168075345     
   308.46541680618088     
   386.52698917851785     
   465.64507093387857     
   545.37850187910760     
   624.26577272828433     
   701.95703045544155     
   779.67079415015826     
   858.05932112331220     
   937.36868192738496     
   1013.7112973302509     
   1081.8645330783020     
   1147.7575384157435     
   1211.8943547787705     
   1276.1067440055845     
   1341.2743007069096     
   1407.3255296565605     
   1474.1994572943897     
