   91.919555172466630     
   183.23997115042982     
   274.78596526371564     
   366.54380375382158     
   458.57999515126113     
   551.56421639586404     
   645.37046165220920     
   739.04687642727788     
   829.76626660244460     
   918.47678575655380     
   1007.2872078353663     
   1096.9501452300515     
   1181.2151182903053     
   1255.7795959580271     
   1328.2396040186441     
   1400.6665231712329     
   1474.1046385386608     
   1548.5212564176416     
   1623.8827208215052     
   1700.2056423065053     
