   51.894673745328767     
   103.33848608926628     
   154.89809616964055     
   206.58675293400083     
   258.16872893854077     
   310.41855784923706     
   363.55583841479063     
   417.54079438371707     
   472.27234355890272     
   527.51365036849586     
   582.85752755007002     
   638.07352560635763     
   693.29759846986394     
   748.25990292356994     
   802.24367769715570     
   848.52097425613681     
   893.15684903114027     
   937.05051583272018     
   979.66889187440904     
   1022.9654457520340     
