   65.172514690911086     
   129.85755311817661     
   194.68200651326239     
   259.66018942136134     
   324.64976373593350     
   390.43041119419598     
   457.11542783467848     
   524.58790242402483     
   592.51567553962104     
   660.06142584835084     
   726.88718185183416     
   793.44620997487345     
   860.20237830752706     
   927.35182194280424     
   994.94374929536116     
   1062.9547587990764     
   1126.2664011815862     
   1183.0510865877657     
   1238.5740357501377     
   1292.2563916924955     
