   50.596254999092437     
   100.76434237449192     
   150.96072961554509     
   201.22252583544764     
   251.58547887373754     
   302.02236728731975     
   352.36641636347974     
   402.95945032317843     
   454.02673105257480     
   505.61815911520591     
   557.72882490691177     
   610.31355542553217     
   663.28846863710646     
   716.50693270559714     
   769.72281481139464     
   822.68616652672779     
   875.45750033140223     
   927.81071035637024     
   979.47975621386286     
   1030.3780597106090     
