   84.647781685005484     
   168.82536079185741     
   253.21904043347007     
   337.73976974116334     
   422.98324915156815     
   509.18026445228963     
   595.83042737831590     
   680.85336340406820     
   763.72831226413189     
   846.43191840637542     
   929.64475236939745     
   1013.6348606277837     
   1092.3262501243053     
   1162.7682013426354     
   1231.4345673628638     
   1297.8828407747123     
   1365.4767401757497     
   1434.0059956539460     
   1503.4283483671140     
   1573.7167480419853     
