   78.088275616471819     
   155.62954981755982     
   233.56347128044263     
   312.73910414383073     
   393.98555611246638     
   476.50055485047335     
   557.87532419380716     
   639.15752256833161     
   722.05799683316195     
   806.62394353221089     
   886.94295112324994     
   960.71543514691530     
   1031.5235267481485     
   1102.5613880270860     
   1171.6861731517818     
   1241.9351731220186     
   1313.2259876317426     
   1385.4917254485233     
   1458.7035569091825     
   1532.8579737199134     
