   48.376477981620894     
   96.328581243756759     
   144.28219230126945     
   192.29725842880637     
   240.41095719012245     
   288.60077790628480     
   336.82416909464553     
   384.94935540795302     
   433.44899015917468     
   482.43202615438724     
   531.92069807100904     
   581.90190730760094     
   632.34029105843877     
   683.15159281949104     
   734.22650881396316     
   785.36675415307161     
   836.36345701953462     
   887.26931652508904     
   937.84541976897447     
   987.75536861108787     
