   47.819200359244334     
   95.170178445811473     
   142.60485031638865     
   190.18418882451959     
   237.85659601976658     
   285.55878015747669     
   333.94670257267137     
   383.12107795598575     
   433.07166452792694     
   483.71065162055197     
   534.91964689573661     
   586.44463965476405     
   637.95181926232726     
   689.47052619323006     
   740.99522145177673     
   792.50160724235627     
   843.93730862567315     
   895.35716037111592     
   945.95779368664500     
   989.78434858572598     
