   72.296367693830263     
   144.21260588602658     
   216.24344253715950     
   288.43544533422647     
   360.69534742143713     
   433.49331067438391     
   506.87733112283058     
   580.63720814906173     
   654.15444754850637     
   725.86978941028701     
   796.72436316582923     
   867.21892815816034     
   937.59873299312062     
   1007.9805320432467     
   1078.3502395060709     
   1143.2410454951535     
   1201.4087973923411     
   1258.2404501634639     
   1313.0679486260938     
   1368.6751774924530     
