   88.897380692154869     
   177.31290039556478     
   265.87494586737870     
   354.61315164857052     
   443.39014682427717     
   532.69264169080338     
   622.60254057018767     
   712.70789981929045     
   801.80475975932995     
   887.61679901989271     
   972.05890525196014     
   1056.1651747525127     
   1140.4266493482394     
   1221.4937560538635     
   1292.0630172392118     
   1361.4041502677196     
   1428.3053280877932     
   1496.1277085348190     
   1564.8030963316894     
   1634.3020464017945     
