   53.759742889166795     
   107.10564810434200     
   160.66024973197392     
   214.34427285687531     
   269.25399630306850     
   325.43006954029096     
   382.63438599906766     
   440.26577257402829     
   497.94737253995856     
   555.91816176004238     
   614.00868824994325     
   668.88875035152171     
   718.56391638257412     
   766.21704399748728     
   812.61959852787299     
   859.37787971352395     
   905.28938430737912     
   951.74304865133195     
   998.24289907120817     
   1045.3190412622514     
