   67.849599213727913     
   135.19064543328955     
   202.76991208250692     
   270.56118943052792     
   339.62531560329751     
   410.09261715804320     
   481.61261531050519     
   552.84576732481139     
   623.57326788927173     
   694.36868371969877     
   765.86476922317934     
   838.04392445209817     
   909.32550168982527     
   971.64437508151252     
   1031.1079413319503     
   1090.4714008163126     
   1147.9588301951878     
   1206.3251760570947     
   1265.3970695365592     
   1325.1741718908311     
