   50.104360027719636     
   99.784501124991948     
   149.46491891534072     
   199.19969369040666     
   249.03099972476616     
   298.94387755093874     
   348.88039445602590     
   398.69099945577682     
   448.85273480356983     
   499.48253984150051     
   550.60316267065775     
   602.20371396344819     
   654.24534830756124     
   706.64443862090206     
   759.28016497869430     
   811.93486036662102     
   864.39077948159581     
   916.70635300820550     
   968.64651128196624     
   1019.8990482961103     
