   52.107944074759750     
   103.78481029080949     
   155.54289975248935     
   207.41128067589338     
   259.39001285674300     
   311.43348207084222     
   364.08680645591591     
   417.42729950771940     
   471.43685473966394     
   526.00770302754893     
   580.93652160312672     
   635.85562879639065     
   690.51203542234157     
   745.03472389551769     
   799.23394094174205     
   852.92554912221112     
   906.07931468720062     
   952.11598460334028     
   995.66555978695237     
   1038.4974998982912     
