   76.129793217244440     
   151.61029073307051     
   227.15213210176574     
   302.83507017061737     
   378.70174945342063     
   454.73361542868696     
   530.82133698055713     
   607.51428300893690     
   684.97184557136973     
   763.20877741011589     
   842.03030633741457     
   921.04566578718823     
   999.40971550591462     
   1076.1714460150713     
   1151.7997200538100     
   1227.1964895495712     
   1302.7668483717471     
   1378.6744406211926     
   1446.6054415578940     
   1506.8900326568514     
