   94.449869812638795     
   188.36461417610664     
   282.41182876910773     
   376.65226782608244     
   470.83626317616080     
   565.42830935834331     
   660.58810715348704     
   756.05747209786477     
   850.60332468839260     
   942.17243634752435     
   1031.0661170233577     
   1110.7437311356405     
   1181.2827202291030     
   1250.4915352015887     
   1319.2718568710341     
   1388.6935277543960     
   1458.9089897458136     
   1530.0141029112770     
   1602.0751903385080     
   1675.1126678089522     
