   76.084533166681126     
   151.77763865828538     
   227.54048621912744     
   303.39648653861281     
   379.35227465003015     
   455.23572179923923     
   531.37385056632104     
   607.85481169875129     
   684.65584662961987     
   761.51131549908450     
   837.80518755397725     
   912.48237199921402     
   985.67798599520813     
   1057.7876556935694     
   1129.0472833985884     
   1199.5670347807009     
   1266.5065736705581     
   1324.3539587202072     
   1380.4165381448070     
   1435.7960813811017     
