   50.416323673969295     
   100.43767613280788     
   150.54316063223936     
   200.77210000971448     
   251.06111092471724     
   301.50042172026821     
   352.55266452576075     
   404.26587397084592     
   456.58995098595130     
   509.42373915175239     
   562.54376254690874     
   615.56345399229224     
   668.39975641037370     
   721.12444110316005     
   773.49728903771313     
   825.33942210514124     
   876.63490371752039     
   921.00660260282723     
   963.30011478880726     
   1004.4093035425966     
