   62.400560437956827     
   124.18868219534694     
   186.00345943232509     
   247.92502172357811     
   309.98961005609004     
   372.18453854644264     
   434.49390637645774     
   496.92717175062052     
   559.96707444185517     
   623.74900147377821     
   688.25853486744109     
   753.41905404949080     
   819.06737374976308     
   884.93685910600084     
   950.53356760642748     
   1015.4689520873217     
   1079.8744345824718     
   1144.2113429863282     
   1208.6637636100215     
   1273.3714578067238     
