   46.522035849953959     
   92.643569195387272     
   138.75720496675410     
   184.91957625953683     
   231.13369817902054     
   277.42521817270591     
   323.78919965727340     
   370.14434578323147     
   416.43486768813506     
   463.03165754500600     
   510.01726027721747     
   557.42400982998413     
   605.23649723210815     
   653.43777180162078     
   701.96634276751524     
   750.75449939890609     
   799.69377732789144     
   848.62718864102521     
   897.43846286700489     
   946.13673405301608     
