   49.307864645477331     
   98.136605662936077     
   147.04849672081670     
   196.07366662292901     
   245.23296292106278     
   294.32780296441103     
   344.03040344907276     
   394.50421467600711     
   445.73939935870106     
   497.67684690560185     
   550.19919520703013     
   603.06881807550349     
   655.95999450831073     
   708.77059326345341     
   761.56436862140754     
   814.44536254804336     
   867.49719033429756     
   920.76640986754387     
   974.27691281238231     
   1028.0056042921817     
