   85.301905182250636     
   170.09240489621911     
   254.99155247125157     
   340.05877998231699     
   425.22358199975696     
   510.45361658380426     
   596.17530580092921     
   682.42162996384980     
   768.99111673101822     
   855.06572137633270     
   939.20510100151625     
   1020.9569178434321     
   1101.6698402719619     
   1181.8619056967932     
   1257.5819747284895     
   1322.4327026299375     
   1385.5540035188310     
   1449.1825734967802     
   1513.4098508659167     
   1578.2437384216946     
