   47.872842739756713     
   95.315873023163348     
   142.88320120722253     
   190.58629583666180     
   238.34647111787260     
   286.96512853765051     
   336.53486119731161     
   386.99059832312867     
   438.18764323749781     
   489.84968965964731     
   541.54290373140793     
   593.39820964809132     
   645.39647021926396     
   697.62966134191527     
   750.07927183264667     
   802.75195001873089     
   855.59915392711594     
   908.57615161412980     
   954.83333983751925     
   999.21515062576555     
