   48.132130650147424     
   95.856046113752711     
   143.58906960601291     
   191.39037395211815     
   239.26640914223276     
   287.24676860623458     
   335.24977665511773     
   383.27005608718707     
   431.69727060788836     
   480.60907273390137     
   530.01416530267636     
   579.88923249009918     
   630.17490999344136     
   680.79232359098137     
   731.57886745156725     
   782.33403434600109     
   832.91257575398265     
   883.30460442955211     
   933.44864449643819     
   983.26557189361040     
