   63.557340754359259     
   126.67015899511100     
   189.84875603431044     
   253.13574155922356     
   316.56140228636212     
   380.04948249294682     
   443.79230431996024     
   508.04621693700017     
   572.88312987829966     
   638.22692465480225     
   703.92852410203636     
   769.56994324350671     
   834.54657458607869     
   898.51221180386915     
   961.87264086309756     
   1024.9490776743739     
   1087.8665491972372     
   1150.6990920793799     
   1213.5073917000068     
   1274.9819603894700     
