   68.521892067720145     
   136.42259857768511     
   204.38078728142077     
   272.43410032565890     
   340.62912801707517     
   408.91483765389916     
   477.09565413557038     
   545.86563240518819     
   615.36956210603012     
   685.62342565934637     
   756.51610058068991     
   827.78724928691622     
   898.93769688218231     
   969.27149289430270     
   1038.9637589887786     
   1108.4957860649176     
   1178.2173449938543     
   1248.3237789795385     
   1318.8380644307449     
   1383.1734143721860     
