   57.103138766952725     
   113.74954637441692     
   170.44445374336081     
   227.23983338900842     
   284.14504611071942     
   341.06717386834606     
   398.05390410848673     
   455.54751838363654     
   513.63629645133301     
   572.31643103533884     
   631.50194372484964     
   691.04616785278427     
   750.63709744611799     
   809.80597785673945     
   868.62640020673427     
   927.07184715643018     
   985.19365757273158     
   1043.0622180088503     
   1100.6760224805746     
   1155.8258389431587     
