   78.788123709416169     
   157.08332361540889     
   235.58372185458637     
   314.24997130264455     
   393.57708786095361     
   473.94729420025470     
   555.09318173623330     
   635.99914116198363     
   714.71454754656827     
   792.75445690014669     
   870.89057578316647     
   949.29319780055073     
   1016.9643236704112     
   1080.4796712547254     
   1143.7322181825893     
   1206.0179144010344     
   1268.9323037827635     
   1332.6600673543396     
   1397.1948134267147     
   1462.5355568114574     
