   49.210606235695721     
   97.996792446025182     
   146.79956928554179     
   195.67085315273761     
   244.64391144825493     
   293.70660683659588     
   342.77704055654516     
   391.95222141952132     
   441.56813323891197     
   491.70079971346399     
   542.35451745836804     
   593.49092116585291     
   645.04973097733887     
   696.91183867177335     
   748.88305959677814     
   800.71751405284101     
   852.39592623013891     
   903.78628377599512     
   954.87953343534855     
   1005.6045515253621     
