   88.141784192779937     
   175.66999788691734     
   263.38165007534940     
   351.34270059407788     
   439.53867264755849     
   528.68687750468382     
   618.84849877705847     
   709.50973244097906     
   799.27857574228960     
   885.81148699434959     
   971.75381072681921     
   1058.5636981407974     
   1146.5441850090415     
   1232.5482291477426     
   1307.7331178490224     
   1381.1940629548269     
   1451.8128546682949     
   1523.4789114219348     
   1596.1189940167978     
   1669.6455873916193     
