   87.771859723352492     
   174.91474600533024     
   262.16726730600220     
   349.59595279152694     
   437.16404508653966     
   524.61767986936889     
   612.54408766697202     
   701.11713760047030     
   790.28124573541584     
   879.55595431572954     
   967.85491490497373     
   1053.6171087369555     
   1137.8110007126829     
   1221.5755973194653     
   1305.1728816663876     
   1378.3597268782096     
   1445.0622358847286     
   1512.4027131749178     
   1580.4061707262206     
   1648.9428608948947     
