   82.635640156094752     
   164.84317707283614     
   247.17526430277616     
   329.68020106324730     
   412.25708222018437     
   495.39104037010236     
   579.10195862362309     
   662.99006146846148     
   746.03574412259707     
   826.29768602121237     
   905.50726886450514     
   984.34563810251257     
   1063.1222806743940     
   1139.0162041566984     
   1204.3280918715561     
   1268.3266882059654     
   1330.2203754477232     
   1392.9889238531962     
   1456.4741559441393     
   1520.7056210424075     
