   85.076358671738404     
   169.63551494495903     
   254.29067350790223     
   339.05171964910352     
   423.90974607312609     
   508.59444880375895     
   593.60754328282121     
   679.08123941362817     
   764.93609663783116     
   850.74779529443651     
   935.63485502996082     
   1018.2328439812020     
   1099.4187178707941     
   1179.8559868075686     
   1260.0098009866547     
   1339.5715256855394     
   1408.9504168207927     
   1472.1322111386005     
   1536.2799138338009     
   1601.1264806525267     
