   57.490801206092812     
   114.50728338836974     
   171.60617398338485     
   228.80296557057940     
   286.11645824855697     
   343.32399049223909     
   401.02083103986996     
   459.38508043086597     
   518.41987374931330     
   578.04804646078867     
   638.10648740489842     
   698.25361860099054     
   757.97596662995215     
   817.33347930045102     
   876.27410437915671     
   934.64848124684647     
   992.02404294348059     
   1042.1961877107190     
   1089.0773415221897     
   1134.8081078368082     
