   52.771401811699050     
   105.17239325529738     
   157.56703387247774     
   210.00956159073780     
   262.52108030023913     
   315.10922111645567     
   367.74015658492118     
   420.30083764634924     
   472.94403325891193     
   525.87920910130345     
   579.16543937385654     
   632.82321109697580     
   686.82668162129482     
   741.12388527642895     
   795.62660018567942     
   850.17612282538812     
   904.54410549622787     
   958.51916719762369     
   1012.1742556185674     
   1065.4221313631626     
