   84.576786198031215     
   168.86789986549039     
   253.29317503042125     
   338.68596823853062     
   423.88259477012593     
   507.14918008853346     
   590.11847548230946     
   673.56192539044548     
   747.49571308341297     
   817.66432089085970     
   885.17878566084119     
   953.75250579277815     
   1020.9219424106923     
   1089.5551742857099     
   1158.9033652892260     
   1229.3881528492250     
   1300.9613021255736     
   1373.6275763843805     
   1447.3863250941281     
   1522.2323199260827     
