   93.348490413441013     
   186.31324981785298     
   279.43925651994374     
   373.97560265944395     
   469.02251516405425     
   561.16926844748741     
   652.76297998105201     
   745.97070140975131     
   833.83307839569932     
   914.78581390223644     
   992.28010019709052     
   1070.3213021081060     
   1147.7906291432405     
   1226.3827019174096     
   1306.3733730176248     
   1387.6606502040652     
   1470.2429936326512     
   1554.1215832984610     
   1639.2893360014530     
   1725.7298001335018     
