   78.851638743483790     
   157.32529130843344     
   235.95112485296772     
   314.58956723217528     
   393.96022441056249     
   473.85456561079116     
   553.23133277500381     
   631.01381681470320     
   708.00407957139009     
   784.30143006619255     
   850.90121264520690     
   914.26904402642242     
   975.80171209798516     
   1035.8519614801235     
   1096.9831769829857     
   1158.4617216434158     
   1220.8456484772735     
   1284.1006158934713     
   1348.2388269772375     
   1413.2697232135724     
