   83.602382739647524     
   166.72940465583110     
   250.02146713345689     
   333.46869591918903     
   417.22565571357836     
   501.77304170708601     
   586.91840667302915     
   671.71250045232159     
   754.13735340741277     
   835.28044848439549     
   916.41434896950886     
   998.04580928384962     
   1080.3877638122744     
   1160.8500789793600     
   1230.3455650730259     
   1298.0946964073212     
   1363.4465565565749     
   1429.7906357677355     
   1497.0004274397024     
   1565.0240738473910     
