   47.620303819884782     
   94.823111802898325     
   142.12378431568675     
   189.57505339341733     
   236.99228595128560     
   284.99541824843095     
   333.82179540435146     
   383.47176442893050     
   433.84402709602301     
   484.78358889682005     
   535.97406739765540     
   587.09266611129453     
   638.29528332414702     
   689.55322121144820     
   740.85012211201433     
   792.14086283960614     
   843.43492060895016     
   894.69528563137089     
   939.82530731510883     
   982.63998148420592     
