   52.676339549435646     
   104.94578158769849     
   157.29112077314323     
   209.75474182245753     
   262.21141711324003     
   315.02330570218629     
   368.52190687778563     
   422.73378584938945     
   477.57187687658524     
   532.89899855266754     
   588.34870765978519     
   643.51153831500210     
   698.57467453070740     
   753.37795587384949     
   807.45130682991498     
   857.58393204975505     
   902.15522048717332     
   945.04743103008991     
   988.11241718742065     
   1029.9793281944594     
