   90.878254855712285     
   181.22291753696373     
   271.71178705881186     
   362.34253583138297     
   452.83426033989997     
   543.72154310452231     
   635.21322872157896     
   727.05601789012508     
   818.51517780318272     
   907.63144019457400     
   994.35761863036714     
   1080.0280970896952     
   1162.4018523773689     
   1232.4916779229104     
   1301.0560495899888     
   1369.3374031469516     
   1438.1444969329737     
   1507.6695423519416     
   1577.8996411849223     
   1648.9236033749194     
