   97.164895993179087     
   194.04214451117352     
   291.50314541298405     
   390.31575319618469     
   486.63914782155410     
   581.67729769134382     
   666.62781747857821     
   747.61332520706867     
   826.05505807974635     
   905.72907596643233     
   985.12164959240147     
   1065.0855953110195     
   1146.6233953415990     
   1229.7648849951943     
   1314.4918347289047     
   1400.7891531435305     
   1488.6367285014321     
   1578.0057878901603     
   1668.8600472373762     
   1761.1586547656209     
