   55.513152597460326     
   110.56804488161126     
   165.66748406205213     
   220.84867323784007     
   276.12273369726580     
   331.47447413368707     
   386.79178111646422     
   442.59953200273031     
   498.99943545777666     
   555.99640438263100     
   613.53565038392503     
   671.49458050657654     
   729.64634394221821     
   787.61323882744944     
   845.26596031838278     
   902.52303938973955     
   959.58008665272541     
   1016.4439874758370     
   1073.1724373374975     
   1129.7585928057522     
