   82.191398858997118     
   163.97120093978239     
   246.01822065415294     
   328.50766563990567     
   412.09393784811397     
   496.19597682184786     
   578.36023029998944     
   659.49512313576633     
   740.52493897759939     
   815.87763253823493     
   884.44339166613111     
   949.65847686278948     
   1015.4950431591020     
   1080.2431232832921     
   1145.6160416696266     
   1211.9213715834171     
   1279.2281969382768     
   1347.5117339245885     
   1416.7819567833626     
   1487.0429777609202     
