   91.615794635983505     
   182.79589465811736     
   274.22030688513513     
   366.05474765368558     
   458.81884834861796     
   551.42914088185023     
   641.08021637208356     
   729.45081492758538     
   818.07078939822770     
   896.21531608489170     
   970.52732000831850     
   1043.1457462294889     
   1114.5412480482978     
   1186.8233797192051     
   1260.1516973466166     
   1334.6679685341630     
   1410.3628691311085     
   1487.2408592198756     
   1565.2992105342064     
   1644.5303508347472     
