   52.086598322797194     
   103.76021112426989     
   155.47747971807564     
   207.28379355594589     
   259.19826992601531     
   311.14290282112228     
   363.18488987369386     
   415.71488511691695     
   468.80788234618592     
   522.46348460786157     
   576.61046758141015     
   631.13499886038221     
   685.80313145868104     
   740.25489442748858     
   794.44137534417951     
   848.42383676041584     
   902.19311227772243     
   955.80226037896523     
   1009.2587829426295     
   1062.6746193082733     
