   52.104903819335739     
   103.79712666385480     
   155.53296259801513     
   207.35801170812235     
   259.29139916242366     
   311.25514917072405     
   363.31525852150878     
   415.86177458266565     
   468.96940105733842     
   522.63840717791231     
   576.79751043409340     
   631.33298480422070     
   686.01131773372379     
   740.47271452548864     
   794.66781289825985     
   848.65771067334379     
   902.43349484281225     
   956.04848131032099     
   1009.5096055944781     
   1062.9292169207783     
