   52.472909958570078     
   104.49073606203514     
   156.49900212447506     
   208.56260832375284     
   260.68485656591895     
   312.89168411165605     
   365.18432668522081     
   417.46729818858682     
   469.67075415641284     
   522.20397894161795     
   575.16672733851374     
   628.58531967613146     
   682.44771912062811     
   736.71407834561785     
   791.30602542514805     
   846.09304186083250     
   900.91336300862838     
   955.58659700952830     
   1009.9421288844978     
   1064.0213959501182     
