   52.950879579585390     
   105.49584020924340     
   158.03124132100174     
   210.61608936626769     
   263.25103171910570     
   315.95350533132199     
   368.73172337607627     
   421.46890358868160     
   474.17013329920098     
   527.16360599988468     
   580.53081463281035     
   634.29099452594926     
   688.42747435453134     
   742.90081206673653     
   797.62846040062800     
   852.47708278059213     
   907.25472681509768     
   961.79606624113319     
   1015.9807708228063     
   1069.5979177233692     
