   53.125668451229210     
   105.83306076182402     
   158.53998790888878     
   211.29357615266585     
   264.12138355295565     
   317.03000261315043     
   370.01129558668470     
   422.87308950151561     
   475.98703333313875     
   529.51790029780443     
   583.50204523058687     
   637.93961110179725     
   692.77680748725970     
   747.94683891702243     
   803.31230859169784     
   858.66010274039832     
   913.73062889536129     
   968.50600370309166     
   1022.8709405070690     
   1076.6960250439229     
