   51.783358473152440     
   103.18073617366267     
   154.57191353672869     
   206.00591865747239     
   257.49252526538459     
   309.06021322459196     
   360.67330213213228     
   412.28245936513918     
   463.78654777920639     
   515.53210130285845     
   567.61313253703474     
   620.05627688354116     
   672.85085715970627     
   725.96039827501386     
   779.32408556791358     
   832.83521083297785     
   886.35230953145867     
   939.69147113845156     
   992.68694729126139     
   1045.3646756251408     
