   52.097117199109881     
   103.78144996629149     
   155.50939410727597     
   207.32646516529854     
   259.25176103185771     
   311.20720854515599     
   363.25913647293260     
   415.79809663771192     
   468.89897858750209     
   522.56180862488225     
   576.71533722663867     
   631.24579824542525     
   685.91949051128449     
   740.37653586427700     
   794.56775730133722     
   848.55434042789602     
   902.32724297806510     
   955.93967197659924     
   1009.3988046203933     
   1062.8168284751268     
