   52.093411950457579     
   103.77398173580906     
   155.49817273562988     
   207.31145852467699     
   259.23293394001735     
   311.18451175866420     
   363.23274887177922     
   415.76833989197019     
   468.86623554227788     
   522.52632604811129     
   576.67737418686170     
   631.20559157883099     
   685.87718763587611     
   740.33224808222849     
   794.52168556083541     
   848.50671837307721     
   902.27825451833530     
   955.88944851329120     
   1009.3475937747082     
   1062.7647945153690     
