   52.097502960265452     
   103.78220494006236     
   155.51053653777242     
   207.32801547842354     
   259.25376229016018     
   311.20977453705694     
   363.26249613255078     
   415.80224776831267     
   468.90386303936288     
   522.56735830947196     
   576.72147508032231     
   631.25244819746979     
   685.92658814727451     
   740.38402622253784     
   794.57558606400630     
   848.56244109518400     
   902.33557174827024     
   955.94818921328840     
   1009.4074587657161     
   1062.8255656962524     
