   52.074513467273327     
   103.76169300511003     
   155.44828837229159     
   207.18090762373046     
   259.00122240563581     
   310.89107105263230     
   362.79516483742321     
   414.57424823027378     
   466.64388850575716     
   519.11754230613883     
   572.01340582404805     
   625.31644320926534     
   678.98238057174422     
   732.92793019097849     
   787.02636495721629     
   841.02353204841233     
   894.69757002674180     
   948.14529286489540     
   1001.1662098292004     
   1053.6651178667646     
