   52.097117199109881     
   103.78145215439952     
   155.50940054680692     
   207.32647734129327     
   259.25178029948813     
   311.20723555342732     
   363.25917839043564     
   415.79816166451917     
   468.89906856555353     
   522.56192045915930     
   576.71546403836294     
   631.24593059009408     
   685.91961672068476     
   740.37664340875358     
   794.56783488154520     
   848.55437709340379     
   902.32722936196262     
   955.93959865979912     
   1009.3986636600545     
   1062.8166114903861     
