   52.295407337621029     
   104.19967848359887     
   156.09627344625534     
   208.04050208920617     
   260.03552440919538     
   312.10583477891618     
   364.24899236825621     
   416.39253423085137     
   468.46037481228660     
   520.78143271965655     
   573.45085601492519     
   626.49317812522293     
   679.89581002269313     
   733.62043748336794     
   787.60347121360837     
   841.72740261371439     
   895.82741048002379     
   949.72398021574315     
   1003.2432163694619     
   1056.3226804903497     
