   53.318703561434084     
   106.17158442190581     
   159.01363296114317     
   211.91581347589326     
   264.89098645462644     
   317.94013089666601     
   371.07770784245645     
   424.25789153410813     
   477.39047866549197     
   530.88699998053403     
   584.84215874214613     
   639.27209768212629     
   694.17571153746974     
   749.49189136287191     
   805.14189702204669     
   860.97776782475739     
   916.79735303119628     
   972.39173586557763     
   1027.6505581494130     
   1082.5547794559905     
