   52.089319411603256     
   103.76575601420134     
   155.48580594065407     
   207.29489824283593     
   259.21210173577509     
   311.15924443998694     
   363.20299735836579     
   415.73443117878696     
   468.82861433762946     
   522.48530707065333     
   576.63329335147307     
   631.15876169086846     
   685.82781883610096     
   740.28050826835556     
   794.46783231641700     
   848.45104881456371     
   902.22099041176182     
   955.83075376510908     
   1009.2877626186025     
   1062.7040401200234     
