   52.492500575931139     
   104.53003370073475     
   156.55804670124513     
   208.64139351342303     
   260.78344666697944     
   313.01054682453139     
   365.32340380817107     
   417.62737408623798     
   469.85209100553004     
   522.40511623242969     
   575.38619505346594     
   628.82190112976332     
   682.69975737110144     
   736.98053204628195     
   791.58572680316468     
   846.38500751335016     
   901.21668406166782     
   955.90039584187730     
   1010.2654300090488     
   1064.3534635005296     
