   52.478051064163623     
   104.50103525254566     
   156.51446517093868     
   208.58323691459421     
   260.71067514701485     
   312.92281462532333     
   365.22079241565291     
   417.50934571481537     
   469.71857223622078     
   522.25718928615140     
   575.22491970592478     
   628.64816230616873     
   682.51476865730206     
   736.78505449131808     
   791.38061788420657     
   846.17098994462481     
   900.99443128107669     
   955.67055319708618     
   1010.0287206657027     
   1064.1104305591962     
