   52.468228623537058     
   104.48133358333219     
   156.48486468697686     
   208.54373985077348     
   260.66124584383510     
   312.86321930953005     
   365.15105176260545     
   417.42906436662560     
   469.62760966428425     
   522.15627478171280     
   575.11480063234035     
   628.52945663703701     
   682.38831407563771     
   736.65138559360548     
   791.24033753591857     
   846.02460787402549     
   900.84241159593375     
   955.51333796080576     
   1009.8667944556371     
   1063.9441544637752     
