   52.464305222502070     
   104.47343381452293     
   156.47297925870106     
   208.52789322980934     
   260.64145317232908     
   312.83938745707508     
   365.12333105200145     
   417.39744378609390     
   469.59258427973441     
   522.11830135732453     
   575.07414998417460     
   628.48633332086729     
   682.34297855954344     
   736.60396515743321     
   791.19098452250569     
   845.97343436420692     
   900.78952593906058     
   955.45881894977208     
   1009.8107822515576     
   1063.8867359489161     
