   52.100809541089291     
   103.78889873117259     
   155.52059346989816     
   207.34144951465271     
   259.27056617899819     
   311.22988046206206     
   363.28550574077570     
   415.82786508865507     
   468.93177384353055     
   522.59737877588009     
   576.75341145081927     
   631.28612158664919     
   685.96189173519156     
   740.42087890511812     
   794.61381633578912     
   848.60185335749838     
   902.37600202714589     
   955.98952225551795     
   1009.4494780930219     
   1062.8681385998495     
