   52.483190216669506     
   104.51134066222018     
   156.52995156499540     
   208.60391370643416     
   260.73657291594350     
   312.95406198980470     
   365.25741742276807     
   417.55159401666680     
   469.76665942356806     
   522.31078723503958     
   575.28363607512574     
   628.71166052346791     
   682.58258270667454     
   736.85687296242190     
   791.45609090377354     
   846.24982154465283     
   901.07634899945936     
   955.75528472554606     
   1010.1159850000845     
   1064.2000136396161     
