   53.304995990719881     
   106.14844607647437     
   158.99187634038520     
   211.88995240320637     
   264.87416661390210     
   317.95119067252864     
   371.11342896657794     
   424.15865268428854     
   477.50277262914864     
   531.31986087051291     
   585.66077660068584     
   640.52233111506348     
   695.84662866010331     
   751.56268566367180     
   807.52177013088021     
   863.50014864576167     
   919.23253200814065     
   974.69109917409173     
   1029.7864604137837     
   1084.4622225551516     
