   52.280223025328752     
   104.09461301317823     
   155.93346491213268     
   207.84534505091702     
   259.87848720458010     
   311.98225597785489     
   364.05107795786660     
   416.31902081240474     
   469.08529663721720     
   522.41812706896530     
   576.31551538615577     
   630.73374164214920     
   685.58034850673448     
   740.71322804249905     
   795.85829257510920     
   850.72396961144432     
   905.37936074924119     
   959.51034136738087     
   1012.8244884996459     
   1062.3884660712322     
