   52.101209418176445     
   103.78967880161917     
   155.52177129145340     
   207.34304574266991     
   259.27262556984851     
   311.23252205463893     
   363.28896079662212     
   415.83212131651027     
   468.93676728656681     
   522.60303986300255     
   576.75966518575979     
   631.29289679667772     
   685.96913176572878     
   740.42853846861192     
   794.62184922333961     
   848.61019983752078     
   902.38462531076812     
   955.99838953695928     
   1009.4585431791893     
   1062.8773531925467     
