   52.472422690152932     
   104.48977321831995     
   156.49756071670669     
   208.56067178506282     
   260.68240079989073     
   312.88868926019364     
   365.18071104499097     
   417.46295947630517     
   469.66540767476408     
   522.19758831417300     
   575.15935528898365     
   628.57702736903832     
   682.43859274189583     
   736.70419540321029     
   791.29546834649784     
   846.08188956026868     
   900.90168389837800     
   955.57446801158312     
   1009.9296047147639     
   1064.0085241590061     
