   52.994266714363803     
   105.52669231623237     
   158.04861008271871     
   210.62958507641420     
   263.27718491228580     
   315.99806753130844     
   368.81362074166532     
   421.65069220682363     
   474.42672273944879     
   527.55275227615095     
   581.12681811964967     
   635.16986570992071     
   689.67912072449690     
   744.59508215820142     
   799.84316997971348     
   855.28035017713569     
   910.72233577772317     
   965.97141952481809     
   1020.8883016809489     
   1075.4751446511484     
