   52.477059464973031     
   104.49908867352531     
   156.51156860590194     
   208.57936588805688     
   260.70578835472008     
   312.91687860793542     
   365.21364565762258     
   417.50077876446318     
   469.70803573539564     
   522.24467013472645     
   575.21056671490032     
   628.63209484878837     
   682.49713693072954     
   736.76597575333483     
   791.36020751884416     
   846.14935267285045     
   900.97165533237830     
   955.64675101526780     
   1010.0039699234978     
   1064.0848027320856     
