   52.093782018203335     
   103.77470604746171     
   155.49926773817992     
   207.31294235155787     
   259.23484582172807     
   311.18695831239614     
   363.23594967355461     
   415.77229627829900     
   468.87089374860835     
   522.53162234291165     
   576.68323458572240     
   631.21194152862518     
   685.88396430673401     
   740.33939577375020     
   794.52914954310165     
   848.51443446288204     
   902.28617987712119     
   955.89754476217774     
   1009.3558099111199     
   1062.7730786647619     
