   52.197169702584922     
   103.94229548670927     
   155.67859645449607     
   207.46769109543865     
   259.31447179405694     
   311.25219813771145     
   363.26121033152674     
   415.25552326292984     
   467.15475807493010     
   519.37612825015219     
   572.02001925024229     
   625.11232774501786     
   678.64053269709905     
   732.57170879350531     
   786.82767408096356     
   841.28459421535536     
   895.78284015346333     
   950.15445382841392     
   1004.2281060578331     
   1058.0454824254457     
