   52.028930561748517     
   103.62099029028211     
   155.25895863106737     
   206.99169694703548     
   258.83997933392328     
   310.72051264303212     
   362.70300404295972     
   415.21248316106283     
   468.32817143502280     
   522.05209991349602     
   576.31189315918903     
   630.99341176452481     
   685.85298806308720     
   740.54759774441709     
   795.01196033812209     
   849.26404191936319     
   903.15303170443804     
   956.65000200036854     
   1009.7437752606319     
   1059.4169289380918     
