   52.472909958570078     
   104.49073829002400     
   156.49900854200035     
   208.56262062705784     
   260.68487630706409     
   312.89171254548171     
   365.18436499598408     
   417.46734593961997     
   469.67081711748546     
   522.20406871063790     
   575.16684795704953     
   628.58547009486369     
   682.44789437556904     
   736.71427064990212     
   791.30622471360675     
   846.09323716367749     
   900.91354443305954     
   955.58675491844258     
   1009.9422555528221     
   1064.0214852410206     
