   52.473369599692738     
   104.49538246342242     
   156.51803147670671     
   208.60150826505767     
   260.78930817085995     
   313.06217262811219     
   365.36497005794917     
   417.54061375745471     
   470.08373577543944     
   523.12328137717384     
   576.67976723958338     
   630.73784842491898     
   685.24770588408433     
   740.11052740455909     
   795.17923101869269     
   850.19656976704277     
   904.94316681166288     
   959.47862674074759     
   1013.6880699460087     
   1067.5692383874457     
