   51.384057646391142     
   102.34175770333731     
   153.31623410097828     
   204.35198240135031     
   255.48704340233115     
   306.70055655387449     
   357.83222704036751     
   409.10249066822763     
   460.79449445032139     
   512.98737567481783     
   565.68298992561574     
   618.84162129409606     
   672.38923102239562     
   726.20541910873544     
   780.05393966834015     
   833.65906463950853     
   887.09634265782370     
   940.08363511724519     
   992.26501986065466     
   1042.2999518350316     
