   52.093411950457579     
   103.77397980940079     
   155.49816706341554     
   207.31144789751636     
   259.23291728730851     
   311.18448884087275     
   363.23271258752459     
   415.76828185920789     
   468.86615395224459     
   522.52622413982567     
   576.67725917739801     
   631.20547336223376     
   685.87707812627241     
   740.33216047950884     
   794.52163189672251     
   848.50670964072128     
   902.27829998379582     
   955.88955748818660     
   1009.3477746045334     
   1062.7650555662569     
