   52.486837319856903     
   104.51870655490457     
   156.54104925496367     
   208.61870769875893     
   260.75502327320527     
   312.97624194699955     
   365.28310542419780     
   417.58072403635038     
   469.79859410810030     
   522.34512307084117     
   575.32018831805988     
   628.75027971806946     
   682.62305402122081     
   736.89909673992156     
   791.49993692469457     
   846.29519337664578     
   901.12314548075733     
   955.80344402125797     
   1010.1653728738765     
   1064.2505440238565     
