   53.125668451229210     
   105.83306143676906     
   158.53998989607868     
   211.29357994290686     
   264.12138953840832     
   317.03001117292911     
   370.01130710409245     
   422.87310387123642     
   475.98705517105890     
   529.51793187125838     
   583.50208677449643     
   637.93966100360365     
   692.77686288011330     
   747.94689590336645     
   803.31236284440752     
   858.66014938501257     
   913.73066231722680     
   968.50601952854379     
   1022.8709339277207     
   1076.6959923628212     
