   52.473805125125139     
   104.49250028373524     
   156.50163512389645     
   208.56613353961885     
   260.68931008663947     
   312.89709380659843     
   365.19083158806529     
   417.47507921183728     
   469.68031667181208     
   522.21537420526477     
   575.17984207286463     
   628.60005208164910     
   682.46392824154032     
   736.73164523853950     
   791.32482670710772     
   846.11296183699687     
   900.93430136115694     
   955.60843521489846     
   1009.9647817641142     
   1064.0447866716900     
