   1.2598233431600407E-031
   2.5081863258492380E-031
   3.7574907404311096E-031
   5.0087024052385065E-031
   6.2620153859267878E-031
   7.5183864022857872E-031
   8.7720420279503281E-031
   1.0034108876514408E-030
   1.1309576743656078E-030
   1.2599946306687013E-030
   1.3904664712428044E-030
   1.5222296489433352E-030
   1.6550117950122694E-030
   1.7883614780945048E-030
   1.9215954824202527E-030
   2.0542859625984205E-030
   2.1863444398382338E-030
   2.3178031036198827E-030
   2.4484450461777114E-030
   8.4303684525369701E-030
