   1.2760234036823450E-031
   2.5412450231618249E-031
   3.8064002526991057E-031
   5.0727441251127435E-031
   6.3408983501759896E-031
   7.6110277641368326E-031
   8.8828204773853123E-031
   1.0149763149964002E-030
   1.1423150026874406E-030
   1.2707221949433010E-030
   1.4003140582900427E-030
   1.5310758462300164E-030
   1.6629400834623354E-030
   1.7957051197718134E-030
   1.9290860596157539E-030
   2.0626729739529564E-030
   2.1959465380775924E-030
   2.3285413765749766E-030
   2.4602923772141075E-030
   8.9952720161128500E-010
