   9.1430879099913263E-031
   1.8213081786478202E-030
   2.7286555368321434E-030
   3.6370845066495313E-030
   4.5474493482406298E-030
   5.4589562762519127E-030
   6.3695603096097996E-030
   7.2829265875831341E-030
   8.2035949285733896E-030
   9.1327785713426067E-030
   1.0070492054283030E-029
   1.1016056667070503E-029
   1.1967945796731475E-029
   1.2923990880294556E-029
   1.3879587080674210E-029
   1.4829654957765488E-029
   1.5775881017850029E-029
   1.6712182845148886E-029
   3.2418336887820710E-029
   1.7124642104883612     
