   9.3058678965332849E-031
   1.8546326785638542E-030
   2.7785704540407981E-030
   3.7033415928825425E-030
   4.6293429180347181E-030
   5.5567296562089041E-030
   6.4849066380564377E-030
   7.4118884175757575E-030
   8.3404079292015633E-030
   9.2740874713672463E-030
   1.0213993128298065E-029
   1.1160482427174036E-029
   1.2113104352451087E-029
   1.3070903985400271E-029
   1.4032311816428275E-029
   1.4994505043154758E-029
   1.5953455041525096E-029
   1.6905320664922687E-029
   1.7851488702077773E-029
   1.8790350463745915E-029
