   9.0096587670485982E-031
   1.7939902870621330E-030
   2.6886646066938486E-030
   3.5860550779671171E-030
   4.4847934333103583E-030
   5.3877498407773833E-030
   6.3038297736004621E-030
   7.2340355562725696E-030
   8.1771928798625921E-030
   9.1313073249668968E-030
   1.0091548122831504E-029
   1.1050163679168361E-029
   1.2006905208131256E-029
   1.2962684294391360E-029
   1.3918598024494501E-029
   1.4875717650121728E-029
   1.5834527278905887E-029
   1.6933829766262194E-029
   5.8808776042184319E-002
   6.6443879756881987     
