   2.2935056535638394E-031
   4.5686469519736004E-031
   6.8457272592304523E-031
   9.1267578861627352E-031
   1.1412653514170424E-030
   1.3700096337943550E-030
   1.5991869422695904E-030
   1.8305454975515181E-030
   2.0644208407314658E-030
   2.3008092066390110E-030
   2.5393949294305750E-030
   2.7796722116349577E-030
   3.0206056698302260E-030
   3.2606067093619161E-030
   3.4994273769185564E-030
   3.7371944953748866E-030
   3.9724076005778229E-030
   4.2047866898992640E-030
   1.3295888934674029     
   8.4223476562720023     
