   7.3971713804214055E-031
   1.4731975426787747E-030
   2.2073381379738341E-030
   2.9428081176197930E-030
   3.6799448050958912E-030
   4.4177084821460759E-030
   5.1570229870744606E-030
   5.9039349497734678E-030
   6.6595904331913695E-030
   7.4239390111087872E-030
   8.1959247642431514E-030
   8.9738971686200132E-030
   9.7543486359204841E-030
   1.0532203686578082E-029
   1.1306585146186658E-029
   1.2077933231276665E-029
   1.2844094220392787E-029
   1.3604341745201665E-029
   1.0773840199533245E-008
   3.3030490308849201     
