   2.3196502469376782E-031
   4.6218978429602642E-031
   6.9237703767774439E-031
   9.2278613948646379E-031
   1.1534381499172806E-030
   1.3843834895318946E-030
   1.6156981684759357E-030
   1.8471027495468502E-030
   2.0782315751032256E-030
   2.3105249404305974E-030
   2.5444013870241068E-030
   2.7799562392672567E-030
   3.0171537348833677E-030
   3.2557926018119033E-030
   3.4955891955016476E-030
   3.7359897413339815E-030
   3.9761715019213241E-030
   4.2153065245509549E-030
   4.4527702054786149E-030
   4.6879728835343222E-030
