   2.3064862284209930E-031
   4.5953455252993057E-031
   6.8845855195717117E-031
   9.1754134165636025E-031
   1.1468267217883941E-030
   1.3763903946531000E-030
   1.6063252761430900E-030
   1.8364101513313847E-030
   2.0662250789992194E-030
   2.2963957257470035E-030
   2.5277273662199447E-030
   2.7604996426215762E-030
   2.9947764534606492E-030
   3.2305073037661976E-030
   3.4674812000469806E-030
   3.7054232068719932E-030
   3.9438145425896805E-030
   4.1819913384754262E-030
   4.4192281399719210E-030
   4.6546833477069265E-030
