   2.3016019068369013E-031
   4.5854817357711158E-031
   6.8697408069644875E-031
   9.1556272971827703E-031
   1.1443384357518786E-030
   1.3734069103978553E-030
   1.6028186848876084E-030
   1.8323825156374360E-030
   2.0615655476772881E-030
   2.2911401534339584E-030
   2.5218763695176401E-030
   2.7540555477074832E-030
   2.9877507550975972E-030
   3.2229056127693223E-030
   3.4593066158075422E-030
   3.6966653880591965E-030
   3.9344744317748512E-030
   4.1720990952827951E-030
   4.4088272725801562E-030
   4.6438553306459987E-030
