   1.0579499586672607E-030
   2.1083877025665934E-030
   3.1588405606706249E-030
   4.2103966916099381E-030
   5.2637012480449295E-030
   6.3183061350001142E-030
   7.3735819204843927E-030
   8.4270635866340677E-030
   9.4861253479377398E-030
   1.0552834835556193E-029
   1.1627698999846687E-029
   1.2710288291732431E-029
   1.3799634268180814E-029
   1.4893889478220104E-029
   1.5990012072000624E-029
   1.7083032255202425E-029
   1.8167907591780792E-029
   1.9246776953284750E-029
   2.0314658386883416E-029
   2.1371099367936175E-029
