   2.2935056535638394E-031
   4.5686470163024590E-031
   6.8457274488207772E-031
   9.1267582373259671E-031
   1.1412654056842475E-030
   1.3700097063847549E-030
   1.5991870600873283E-030
   1.8305456935848867E-030
   2.0644211220041693E-030
   2.3008095603168334E-030
   2.5393953268753009E-030
   2.7796726138063793E-030
   3.0206060291326436E-030
   3.2606069737501669E-030
   3.4994274968256663E-030
   3.7371944234387626E-030
   3.9724073026280948E-030
   4.2047861357842067E-030
   1.3295740777567526     
   8.4223054217740216     
