   1.0558063330461717E-030
   2.1036461879577656E-030
   3.1515030495008170E-030
   4.2005091136527619E-030
   5.2513589210613299E-030
   6.3036499376095127E-030
   7.3566497156143661E-030
   8.4077155938913567E-030
   9.4648623108408060E-030
   1.0530379483838877E-029
   1.1604755102711100E-029
   1.2687533972211617E-029
   1.3777765305720486E-029
   1.4873662191286839E-029
   1.5972184818006649E-029
   1.7068088188833459E-029
   1.8156716415644123E-029
   1.9239817583018279E-029
   2.0313038972937996E-029
   2.1376331022175842E-029
