   7.5230875786696793E-031
   1.4984213381540831E-030
   2.2446481215784835E-030
   2.9914768072323013E-030
   3.7390885902481407E-030
   4.4875634234768524E-030
   5.2373482631859966E-030
   5.9877802488707008E-030
   6.7369656428775956E-030
   7.4881877042266521E-030
   8.2437068848559411E-030
   9.0046055519241630E-030
   9.7710128426631100E-030
   1.0542595799525619E-029
   1.1318848488533177E-029
   1.2098506962525246E-029
   1.2879526431629609E-029
   1.3659464822527627E-029
   1.4436088177479984E-029
   1.5206961154069616E-029
