   2.3196346410647312E-031
   4.6218670859384238E-031
   6.9237244405537044E-031
   9.2277998819531852E-031
   1.1534303596560051E-030
   1.3843740012748653E-030
   1.6156867973139255E-030
   1.8470891547049814E-030
   2.0782149265761182E-030
   2.3105050801113904E-030
   2.5443785073998514E-030
   2.7799305192584344E-030
   3.0171254254605969E-030
   3.2557619697856605E-030
   3.4955564718774486E-030
   3.7359551618290125E-030
   3.9761352503130522E-030
   4.2152687897444008E-030
   4.4527311959825418E-030
   4.6879327917568120E-030
