   9.1444341803488139E-031
   1.8215794338859215E-030
   2.7290627159816691E-030
   3.6376279478575360E-030
   4.5481279072678985E-030
   5.4597747932414642E-030
   6.3705279995725121E-030
   7.2840333712343874E-030
   8.2048280275567225E-030
   9.1341266588043577E-030
   1.0071945091163402E-029
   1.1017604036994719E-029
   1.1969577713434066E-029
   1.2925701248267683E-029
   1.3881370848899021E-029
   1.4831506500861172E-029
   1.5777795260567687E-029
   1.6714154901710567E-029
   3.0233839293794951E-029
   1.7105199671066487     
