   7.3083555073985849E-031
   1.4551719674484919E-030
   2.1796312855684315E-030
   2.9046632649348413E-030
   3.6303823749300634E-030
   4.3573478764692220E-030
   5.0851101844154814E-030
   5.8139132005353480E-030
   6.5417642009345081E-030
   7.2704063993137309E-030
   8.0033764076364450E-030
   8.7417978066508245E-030
   9.4860364845132619E-030
   1.0235820346435633E-029
   1.0990799507670260E-029
   1.1749911537201558E-029
   1.2511921264562969E-029
   1.3274646696454577E-029
   1.4035635591026744E-029
   1.4793420253111264E-029
