   1.2692103468219523E-031
   2.5270433481100639E-031
   3.7851112813028485E-031
   5.0442300503051635E-031
   6.3044046437825844E-031
   7.5667541105414703E-031
   8.8307724553460665E-031
   1.0096039272592175E-030
   1.1358176065108250E-030
   1.2622914788348422E-030
   1.3895462759647217E-030
   1.5177873636589258E-030
   1.6470435625550014E-030
   1.7772847954473015E-030
   1.9084077509150596E-030
   2.0402024362352820E-030
   2.1724255411035233E-030
   2.3047125602502382E-030
   2.4366847433289248E-030
   2.5680303261059970E-030
