   2.2734822565126735E-031
   4.5263868845536781E-031
   6.7813623776284255E-031
   9.0408763240602242E-031
   1.1306090542954953E-030
   1.3573590835346579E-030
   1.5844561994413483E-030
   1.8141251361383669E-030
   2.0467004184744764E-030
   2.2821985714387796E-030
   2.5203653604980713E-030
   2.7606735566655274E-030
   3.0021633678379542E-030
   3.2432864167348956E-030
   3.4836149460863102E-030
   3.7230272546851574E-030
   3.9608640040806883E-030
   4.1968710037930700E-030
  0.97131717942369278     
   7.8265101843954445     
