   7.3083532882353355E-031
   1.4551700283305179E-030
   2.1796278720490607E-030
   2.9046582919632434E-030
   3.6303761678250716E-030
   4.3573397783610842E-030
   5.0851032485406795E-030
   5.8139037808267545E-030
   6.5417483190282547E-030
   7.2703904469627168E-030
   8.0033653592695031E-030
   8.7417989958925956E-030
   9.4860535675155359E-030
   1.0235859921462756E-029
   1.0990865555697687E-029
   1.1750008407382688E-029
   1.2512051569886964E-029
   1.3274814690567561E-029
   1.4035846769788477E-029
   1.4793682052366158E-029
