   1.2595776837402601E-031
   2.5076930626327875E-031
   3.7567502807482689E-031
   5.0077135418870081E-031
   6.2607747789886918E-031
   7.5168892562876660E-031
   8.7702632240445907E-031
   1.0032059362456884E-030
   1.1307284114071357E-030
   1.2597432388534269E-030
   1.3901949957145008E-030
   1.5219398235560864E-030
   1.6547052520860559E-030
   1.7880393508167298E-030
   1.9212587222018177E-030
   2.0539365256083250E-030
   2.1859835192696495E-030
   2.3174318243310647E-030
   2.4480648746716960E-030
   8.4296333054944727E-030
