   9.1347742671729791E-031
   1.8189149336186767E-030
   2.7259581026465492E-030
   3.6354091044778281E-030
   4.5447550919758609E-030
   5.4600198597423348E-030
   6.3888622875591559E-030
   7.3322289481973606E-030
   8.2888830905238031E-030
   9.2562082808359380E-030
   1.0229216708220067E-029
   1.1199899385388288E-029
   1.2169687570765772E-029
   1.3138948890649885E-029
   1.4109756615091364E-029
   1.5082657971523334E-029
   1.6058769072158506E-029
   4.6439523691092993E-016
   1.3437758709634535     
   9.4324594450871437     
