   1.2690947570517590E-031
   2.5268109265697360E-031
   3.7847621079286770E-031
   5.0437640004622398E-031
   6.3038220271903053E-031
   7.5660522135191370E-031
   8.8299547506533146E-031
   1.0095100740259981E-030
   1.1357108687466996E-030
   1.2621726761242161E-030
   1.3894162024628495E-030
   1.5176467436389845E-030
   1.6468932573024027E-030
   1.7771256108277109E-030
   1.9082403929830820E-030
   2.0400274883807722E-030
   2.1722435112746108E-030
   2.3045239554936552E-030
   2.4364901075936206E-030
   2.5678298716303464E-030
