   9.1643538383494011E-031
   1.8254033936502445E-030
   2.7342113550449952E-030
   3.6439728080843037E-030
   4.5550290162792306E-030
   5.4674625183950319E-030
   6.3810665248084472E-030
   7.2945668103700409E-030
   8.2084627910264370E-030
   9.1283953767995521E-030
   1.0055844821999458E-029
   1.0991108721647512E-029
   1.1933771701567136E-029
   1.2883078997422672E-029
   1.3837473260488576E-029
   1.4794615670993922E-029
   1.5750803101967162E-029
   1.6702123882408856E-029
   1.7648713105592117E-029
   1.8590417525012161E-029
