   7.4301829053549489E-031
   1.4793975786561977E-030
   2.2164942682925035E-030
   2.9549729356385609E-030
   3.6951475810221952E-030
   4.4358162412215389E-030
   5.1784379203208406E-030
   5.9293670771086332E-030
   6.6898484625963532E-030
   7.4597175159906419E-030
   8.2378289654780505E-030
   9.0224998480167051E-030
   9.8099356164903233E-030
   1.0595032217175923E-029
   1.1377387991337724E-029
   1.2156877432878137E-029
   1.2932594275733641E-029
   1.3704236915128068E-029
   4.5481924222457687E-005
   4.2632005576969663     
