   1.2760001793778689E-031
   2.5411996435879383E-031
   3.8063322149994837E-031
   5.0726531152201071E-031
   6.3407836890879807E-031
   7.6108871334778696E-031
   8.8826498915733896E-031
   1.0149550894125742E-030
   1.1422890027733291E-030
   1.2706915946454315E-030
   1.4002791262674271E-030
   1.5310369555308882E-030
   1.6628975743021650E-030
   1.7956593188247927E-030
   1.9290373204204828E-030
   2.0626215900655399E-030
   2.1958928269790877E-030
   2.3284856089451204E-030
   2.4602349526626989E-030
   8.7358729967806601E-010
