   3.6272091701212037E-031
   7.2239109748232430E-031
   1.0820563909343910E-030
   1.4420686477511973E-030
   1.8026252096787636E-030
   2.1637458846191231E-030
   2.5254594096949862E-030
   2.8864008642955285E-030
   3.2491757356446825E-030
   3.6150157917071712E-030
   3.9842572612730462E-030
   4.3568639144043968E-030
   4.7325224704224962E-030
   5.1107504239084797E-030
   5.4905934118363383E-030
   5.8706229275836711E-030
   6.2491869864777779E-030
   6.6257969356793461E-030
   7.0000102946781052E-030
   7.3710724777989682E-030
