   1.0558936092303153E-030
   2.1038212441895864E-030
   3.1517660529627633E-030
   4.2008601456010932E-030
   5.2517991094538323E-030
   6.3041819051470475E-030
   7.3572766316396817E-030
   8.4084460507223188E-030
   9.4656929661403317E-030
   1.0531302244541647E-029
   1.1605761284129390E-029
   1.2688616357602270E-029
   1.3778917169514788E-029
   1.4874877161879264E-029
   1.5973458565614400E-029
   1.7069415139542337E-029
   1.8158091125025699E-029
   1.9241235850012870E-029
   2.0314496361622168E-029
   2.1377822656913953E-029
