   2.2729264523824626E-031
   4.5256974285047630E-031
   6.7826185819761976E-031
   9.0458224124311352E-031
   1.1309737064892190E-030
   1.3586746208195823E-030
   1.5897402814850918E-030
   1.8244311613517969E-030
   2.0624460049329366E-030
   2.3031824924101062E-030
   2.5454334093444837E-030
   2.7872384916378340E-030
   3.0287472584805637E-030
   3.2700566909524329E-030
   3.5118280255232441E-030
   3.7542353554076187E-030
   3.9975227181519873E-030
   5.1898251711347876E-030
   4.9922765307648428E-002
   6.3861088611423895     
