   7.3846965403090790E-031
   1.4710033322034341E-030
   2.2036660031616027E-030
   2.9368572940966809E-030
   3.6706898481040978E-030
   4.4055583812459768E-030
   5.1415047788301737E-030
   5.8780645623680233E-030
   6.6135993556710198E-030
   7.3502172337382049E-030
   8.0907571633033589E-030
   8.8362223737541273E-030
   9.5867727036046334E-030
   1.0342347270720754E-029
   1.1102224223200824E-029
   1.1865527195949881E-029
   1.2630726193986353E-029
   1.3395739878988876E-029
   1.4158184139461527E-029
   1.4915656474092045E-029
