   5.1280787280672756E-031
   1.0211689606644382E-030
   1.5294367371756805E-030
   2.0382453432641712E-030
   2.5476272575566332E-030
   3.0578368394714289E-030
   3.5688850714206097E-030
   4.0798405206832538E-030
   4.5900179301486006E-030
   5.1034127147748110E-030
   5.6209997387935126E-030
   6.1430369002449103E-030
   6.6694053981179809E-030
   7.1997168366087579E-030
   7.7332041392085895E-030
   8.2685905785944496E-030
   8.8042947054941093E-030
   9.3385478149558009E-030
   9.8696712075601928E-030
   1.0397981088622169E-029
