   3.6272091701212037E-031
   7.2239110499788760E-031
   1.0820564131101004E-030
   1.4420686906255485E-030
   1.8026252783701617E-030
   2.1637459844970285E-030
   2.5254595452964526E-030
   2.8864010392786206E-030
   3.2491759814467131E-030
   3.6150161257290333E-030
   3.9842576868810287E-030
   4.3568644225380856E-030
   4.7325230425414558E-030
   5.1107510356909365E-030
   5.4905940338521521E-030
   5.8706235271472019E-030
   6.2491875271003544E-030
   6.6257973867920992E-030
   7.0000106224675299E-030
   7.3710726531955187E-030
