   7.4664797876747003E-031
   1.4872960537175711E-030
   2.2286040881991529E-030
   2.9711242390715773E-030
   3.7151349764176489E-030
   4.4595883793774056E-030
   5.2059154577523700E-030
   5.9595374079776215E-030
   6.7215912363881771E-030
   7.4916548875454999E-030
   8.2687807408321124E-030
   9.0512666658703364E-030
   9.8352681844859660E-030
   1.0615505645491628E-029
   1.1392038606128909E-029
   1.2164643639810600E-029
   1.2931284287233473E-029
   1.3691236099481959E-029
   8.4337847222626529E-006
   3.9933285517218553     
