   1.2813146695416355E-031
   2.5522615946062606E-031
   3.8240376207449612E-031
   5.0977952123759161E-031
   6.3734280022823216E-031
   7.6508154500450446E-031
   8.9246986431798839E-031
   1.0207137003611811E-030
   1.1501807454744092E-030
   1.2809557961968648E-030
   1.4129557832824575E-030
   1.5460178995193249E-030
   1.6798510293018246E-030
   1.8138841890593732E-030
   1.9473969053883024E-030
   2.0804109226065113E-030
   2.2125572722302972E-030
   2.3438280045363825E-030
   2.4739782870074349E-030
   5.7825992217054981E-013
