   1.2870863896253021E-031
   2.5641021336037361E-031
   3.8418608360219241E-031
   5.1216053928002732E-031
   6.4032313777565277E-031
   7.6861210672170783E-031
   8.9651746519702089E-031
   1.0252973614537281E-030
   1.1552643668193371E-030
   1.2864861305051442E-030
   1.4188775810908149E-030
   1.5522832060749374E-030
   1.6863796206784759E-030
   1.8205729087664919E-030
   1.9541302341362448E-030
   2.0872005094941104E-030
   2.2193843319145926E-030
   2.3506167176903817E-030
   2.4806754772785624E-030
   1.0446896374196225E-010
