   1.2868605496680068E-031
   2.5633682888339594E-031
   3.8408044749282785E-031
   5.1200378099324726E-031
   6.4016412172992110E-031
   7.6850880905572187E-031
   8.9660616624246117E-031
   1.0255432479788775E-030
   1.1557280043953160E-030
   1.2872076654435638E-030
   1.4199237490325311E-030
   1.5537051178618646E-030
   1.6882493753608128E-030
   1.8229667605853799E-030
   1.9570535666246383E-030
   2.0905486929267702E-030
   2.2231225993105527E-030
   2.3546569782528162E-030
   2.4849989914683589E-030
   1.4429546355486796E-012
