   5.1261352022357793E-031
   1.0211668221489872E-030
   1.5296342490010906E-030
   2.0385798883965345E-030
   2.5480321294292750E-030
   3.0582589563416669E-030
   3.5691935752705814E-030
   4.0799508258737184E-030
   4.5899634567787747E-030
   5.1028153083590792E-030
   5.6193967420869421E-030
   6.1398385993329154E-030
   6.6640809754778221E-030
   7.1917659148632442E-030
   7.7221835726870541E-030
   8.2540499244806289E-030
   8.7858016462679629E-030
   9.3157735210760163E-030
   9.8423620555972405E-030
   1.0365673571094357E-029
