   5.1386725885631084E-031
   1.0238425807867249E-030
   1.5337323784310838E-030
   2.0441041599873776E-030
   2.5549849686638478E-030
   3.0665418241375065E-030
   3.5788811268616923E-030
   4.0912044913326998E-030
   4.6028958317232123E-030
   5.1172328774123825E-030
   5.6351360522323234E-030
   6.1567508538589509E-030
   6.6820146571839401E-030
   7.2105264398629090E-030
   7.7416173210943127E-030
   8.2740393786458897E-030
   8.8059912389599068E-030
   9.3357971050226367E-030
   9.8620000221739028E-030
   1.0384326065373856E-029
