   2.2928842282502221E-031
   4.5675966828235437E-031
   6.8442298211518475E-031
   9.1247852454580709E-031
   1.1410104450977645E-030
   1.3696754186208054E-030
   1.5987671732709900E-030
   1.8300041854807837E-030
   2.0637160404502839E-030
   2.2999021969313493E-030
   2.5382490859761548E-030
   2.7782559306385042E-030
   3.0188933310859422E-030
   3.2585745538829479E-030
   3.4970810746876030E-030
   3.7346802953139836E-030
   3.9713333270519053E-030
   4.2072841660678266E-030
   4.4426016349236923E-030
   4.6778584321810763E-030
