   2.2970805339165396E-031
   4.5750811090480651E-031
   6.8527518391317582E-031
   9.1328698037932527E-031
   1.1415579852761085E-030
   1.3701966535684180E-030
   1.5992334053823307E-030
   1.8283565698013538E-030
   2.0571230198541899E-030
   2.2871393137141128E-030
   2.5189380243922810E-030
   2.7526541223782540E-030
   2.9882015734609824E-030
   3.2254342150930799E-030
   3.4640324694966668E-030
   3.7035347239976795E-030
   3.9432132084109215E-030
   4.1821792058654815E-030
   4.4196379610333410E-030
   4.6554813883724745E-030
