   9.2325043203522639E-031
   1.8393020363287692E-030
   2.7552178442856279E-030
   3.6721005235093604E-030
   4.5902407186247594E-030
   5.5096991295523899E-030
   6.4299387216239473E-030
   7.3484381131236592E-030
   8.2684676473806563E-030
   9.1943798696284504E-030
   1.0127426457082531E-029
   1.1067886358275821E-029
   1.2015289609527957E-029
   1.2968768439784305E-029
   1.3926825123695006E-029
   1.4886658715330306E-029
   1.5844415856474747E-029
   1.6796928166629540E-029
   1.7744524550782877E-029
   1.8687576969900188E-029
