   5.1295394267416573E-031
   1.0214618653549731E-030
   1.5298767594795642E-030
   2.0388324997708965E-030
   2.5483621169427952E-030
   3.0587229217366104E-030
   3.5699223452115374E-030
   4.0810352506970982E-030
   4.5913733969042562E-030
   5.1049182408941829E-030
   5.6226442010611636E-030
   6.1448111082297044E-030
   6.6712968696588119E-030
   7.2017177331438419E-030
   7.7353057007214544E-030
   8.2707853904108267E-030
   8.8065758686525273E-030
   9.3409085844881964E-030
   9.8721041905133552E-030
   1.0400480603894317E-029
