   9.2734602715258580E-031
   1.8477701781574875E-030
   2.7680706730595846E-030
   3.6892610261216087E-030
   4.6117342185745561E-030
   5.5356423712596037E-030
   6.4603831430974300E-030
   7.3838907606400469E-030
   8.3088783124152954E-030
   9.2394565452728204E-030
   1.0176819032094435E-029
   1.1121297624129681E-029
   1.2072391230898419E-029
   1.3029234447919852E-029
   1.3990305060249146E-029
   1.4952733010878035E-029
   1.5912437331014938E-029
   1.6865933699837309E-029
   1.7814154936781858E-029
   1.8756096252218946E-029
