   2.2926878459053868E-031
   4.5672027685032941E-031
   6.8436372492350914E-031
   9.1239908762790898E-031
   1.1409103075898390E-030
   1.3695533932091221E-030
   1.5986220578293032E-030
   1.8298373888822272E-030
   2.0635297506922105E-030
   2.2996980880552546E-030
   2.5380289817728557E-030
   2.7780215628835354E-030
   3.0186459352377279E-030
   3.2583151508513508E-030
   3.4968110753900323E-030
   3.7344013240663993E-030
   3.9710465749469017E-030
   4.2069905547046444E-030
   4.4423027101480193E-030
   4.6775553968019523E-030
