   5.1285811874152535E-031
   1.0212696815129909E-030
   1.5295880452432961E-030
   2.0384473031936978E-030
   2.5478801432380378E-030
   3.0581418876274004E-030
   3.5692425376262931E-030
   4.0802528127100297E-030
   4.5904870651335012E-030
   5.1039353036980188E-030
   5.6215718873984578E-030
   6.1436553424931766E-030
   6.6700656624699459E-030
   7.2004160010727340E-030
   7.7339389383402102E-030
   8.2693582733803845E-030
   8.8050927530747843E-030
   9.3393736793698853E-030
   9.8705222312879433E-030
   1.0398855224724561E-029
