   3.6072063248915865E-031
   7.1878070755769256E-031
   1.0768328798202882E-030
   1.4351802309850515E-030
   1.7939892593651989E-030
   2.1532765755252706E-030
   2.5130935622463296E-030
   2.8722646547536126E-030
   3.2328324977052995E-030
   3.5959185288573777E-030
   3.9618137153550145E-030
   4.3304895456298984E-030
   4.7016989289166818E-030
   5.0750172722675816E-030
   5.4495948013576880E-030
   5.8240655904803224E-030
   6.1967286284382846E-030
   6.5671169669153074E-030
   6.9345568351878456E-030
   7.2980117188522331E-030
