   2.3081437655338703E-031
   4.5980004426963403E-031
   6.8874697975329508E-031
   9.1790933339821672E-031
   1.1472996186296427E-030
   1.3770378783708497E-030
   1.6070951924276692E-030
   1.8370710150120201E-030
   2.0667124508579061E-030
   2.2976360929121804E-030
   2.5302427695564507E-030
   2.7645908450718593E-030
   3.0006536187085524E-030
   3.2382694894938962E-030
   3.4771190275049655E-030
   3.7166240719445056E-030
   3.9560799762656174E-030
   4.1947375276422522E-030
   4.4318733969409335E-030
   4.6670954098860234E-030
