   2.2928997680065585E-031
   4.5676269742702550E-031
   6.8442753884972449E-031
   9.1248467179101361E-031
   1.1410183322532271E-030
   1.3696854840362953E-030
   1.5987802758806712E-030
   1.8300202681779976E-030
   2.0637348718518593E-030
   2.2999235475989743E-030
   2.5382727179228210E-030
   2.7782816269644888E-030
   3.0189209415280872E-030
   3.2586039689551856E-030
   3.4971121743943959E-030
   3.7347129106671574E-030
   3.9713673623032525E-030
   4.2073195457091495E-030
   4.4426382201383134E-030
   4.6778960810669274E-030
