   1.2865821522469917E-031
   2.5631868123371910E-031
   3.8406540204113323E-031
   5.1199025092146097E-031
   6.4013762337271625E-031
   7.6845026707041432E-031
   8.9649654841436444E-031
   1.0253510269723434E-030
   1.1553838309330525E-030
   1.2866575738616574E-030
   1.4191004947270249E-030
   1.5525483646536094E-030
   1.6867018220758694E-030
   1.8209684554300935E-030
   1.9545472795013380E-030
   2.0875341644083784E-030
   2.2195649004408397E-030
   2.3504849326219541E-030
   2.4801364802864895E-030
   2.1455156318249903E-013
