   7.4703700704392677E-031
   1.4883423192809807E-030
   2.2302808637340530E-030
   2.9733757263167198E-030
   3.7178974659155109E-030
   4.4629462234217143E-030
   5.2097183516386333E-030
   5.9633434334345470E-030
   6.7248873502409513E-030
   7.4939264688388962E-030
   8.2695704060156456E-030
   9.0501745381660045E-030
   9.8318402051382706E-030
   1.0609246874400875E-029
   1.1382599308336322E-029
   1.2151519318636432E-029
   1.2913588745565823E-029
   1.3667711012558614E-029
   1.9478335034368622E-006
   3.7925471783877343     
