   9.2752485660658081E-031
   1.8478687134922873E-030
   2.7680826862232002E-030
   3.6892005997817528E-030
   4.6116587975723326E-030
   5.5356545768125467E-030
   6.4606376041449104E-030
   7.3846649199633786E-030
   8.3101078212813528E-030
   9.2413975926772366E-030
   1.0179867333853859E-029
   1.1125802430612407E-029
   1.2078705895845190E-029
   1.3037697736135805E-029
   1.4001300258283661E-029
   1.4966615199696075E-029
   1.5929514109610016E-029
   1.6886394541647833E-029
   1.7838105828589361E-029
   1.8783742426924304E-029
