   3.5731729161778981E-031
   7.1158482158406744E-031
   1.0658325360418502E-030
   1.4204225637661726E-030
   1.7755558328543693E-030
   2.1312611815772424E-030
   2.4875700261487120E-030
   2.8432223219927439E-030
   3.2004119633170474E-030
   3.5605205908311206E-030
   3.9239781457207715E-030
   4.2907795525064768E-030
   4.6607711832545213E-030
   5.0334123648235508E-030
   5.4079647713005479E-030
   5.7831756329685030E-030
   6.1575422112622784E-030
   6.5298263393194981E-030
   6.9002761274468103E-030
   7.2678295548640690E-030
