   1.2812148586271722E-031
   2.5520608306149138E-031
   3.8237360237624220E-031
   5.0973923000967230E-031
   6.3729264136058143E-031
   7.6502106951700903E-031
   8.9239861567419538E-031
   1.0206326373129664E-030
   1.1500907086136776E-030
   1.2808577280142618E-030
   1.4128503738618751E-030
   1.5459059130484036E-030
   1.6797329467465766E-030
   1.8137603930815212E-030
   1.9472677787465850E-030
   2.0802770884083373E-030
   2.2124192443150882E-030
   2.3436861689452458E-030
   2.4738332024698888E-030
   5.8071831677431436E-013
