   1.2814340966349734E-031
   2.5523965320557323E-031
   3.8235759044453582E-031
   5.0957833247234769E-031
   6.3689778429962305E-031
   7.6438178064195103E-031
   8.9205551334241576E-031
   1.0198032134068430E-030
   1.1471473361535678E-030
   1.2748770598038222E-030
   1.4033215358959565E-030
   1.5326347696318778E-030
   1.6628593924083816E-030
   1.7939468419756968E-030
   1.9258094238367480E-030
   2.0582335089754986E-030
   2.1909029423692706E-030
   2.3234728259622755E-030
   2.4555668804087537E-030
   2.5867865773638683E-030
