   2.3079463597973846E-031
   4.5976046096787439E-031
   6.8868750660399851E-031
   9.1782996132189042E-031
   1.1472001998305487E-030
   1.3769179273088980E-030
   1.6069546812197034E-030
   1.8369088140836780E-030
   2.0665279127538909E-030
   2.2974305360033893E-030
   2.5300177853515768E-030
   2.7643477965295984E-030
   3.0003940882920255E-030
   3.2379948032626054E-030
   3.4768304920012049E-030
   3.7163228087413899E-030
   3.9557667356298134E-030
   4.1944133464331806E-030
   4.4315394596137563E-030
   4.6667521194461944E-030
