   1.0520941572433939E-030
   2.0951389573231928E-030
   3.1381963406639485E-030
   4.1824726556679912E-030
   5.2288397563895643E-030
   6.2769121104624059E-030
   7.3255830861761816E-030
   8.3717014652181540E-030
   9.4251886144415772E-030
   1.0488631136851365E-029
   1.1562440270441415E-029
   1.2646308382620225E-029
   1.3739236961346856E-029
   1.4839245189601935E-029
   1.5943385162211153E-029
   1.7046497135649198E-029
   1.8144177803136877E-029
   1.9237648334703681E-029
   2.0324655110710925E-029
   2.1405325992375299E-029
