   1.2866414386759525E-031
   2.5633085160024694E-031
   3.8408379386305289E-031
   5.1201504468211354E-031
   6.4016827547123229E-031
   7.6848788188180252E-031
   8.9654193915746238E-031
   1.0254025258311635E-030
   1.1554395194610806E-030
   1.2867153905650949E-030
   1.4191587006368194E-030
   1.5526051436239130E-030
   1.6867559707436311E-030
   1.8210196105003162E-030
   1.9545971912232735E-030
   2.0875826495475972E-030
   2.2196077111399666E-030
   2.3505073709633279E-030
   2.4800975013045060E-030
   7.9478259570630785E-013
