   5.1276210493988700E-031
   1.0210770842589503E-030
   1.5292986579630286E-030
   2.0380611332645810E-030
   2.5473968348086077E-030
   3.0575591340871931E-030
   3.5685605412420519E-030
   4.0794676709172401E-030
   4.5895973504718250E-030
   5.1029481574947051E-030
   5.6204945723127919E-030
   6.1424938746105065E-030
   6.6688282264016054E-030
   7.1991077848258442E-030
   7.7325657744518888E-030
   8.2679250234616730E-030
   8.8036038921274562E-030
   9.3378335675344642E-030
   9.8689356795126472E-030
   1.0397225880550615E-029
