   2.3196346410647312E-031
   4.6218670996159787E-031
   6.9237244798104459E-031
   9.2277999570047043E-031
   1.1534303716367552E-030
   1.3843740184519491E-030
   1.6156868206464148E-030
   1.8470891835974184E-030
   2.0782149644739237E-030
   2.3105051339960759E-030
   2.5443785797446582E-030
   2.7799306095638157E-030
   3.0171255304200131E-030
   3.2557620842909891E-030
   3.4955565891305265E-030
   3.7359552736224530E-030
   3.9761353481866972E-030
   4.2152688645467596E-030
   4.4527312402528386E-030
   4.6879327967935859E-030
