   9.2325043203522639E-031
   1.8393020470675657E-030
   2.7552178755815432E-030
   3.6721005837079786E-030
   4.5902408146080184E-030
   5.5096992651650078E-030
   6.4299389020215414E-030
   7.3484383248069413E-030
   8.2684679621734651E-030
   9.1943803437939547E-030
   1.0127427108604943E-029
   1.1067887172714524E-029
   1.2015290548127560E-029
   1.2968769442649598E-029
   1.3926826117150701E-029
   1.4886659622681372E-029
   1.5844416590159633E-029
   1.6796928633702088E-029
   1.7744524689917328E-029
   1.8687576699823790E-029
