   3.5916559076828893E-031
   7.1527803497881766E-031
   1.0713760795772970E-030
   1.4278025593526246E-030
   1.7847363718374209E-030
   2.1422231143263670E-030
   2.5002439556227628E-030
   2.8570645174410813E-030
   3.2157013436688843E-030
   3.5774185840715607E-030
   3.9425229409842465E-030
   4.3109642538192734E-030
   4.6825403542043685E-030
   5.0566731049110323E-030
   5.4325128462451673E-030
   5.8088289184209189E-030
   6.1841644657600742E-030
   6.5575890261418375E-030
   6.9291847961150429E-030
   7.2980198045368994E-030
