   2.2933910987357379E-031
   4.5686174652508980E-031
   6.8457642899990446E-031
   9.1268387775790202E-031
   1.1412683877993609E-030
   1.3699871456912756E-030
   1.5991314375425505E-030
   1.8304168004274224E-030
   2.0641717233091634E-030
   2.3003973257693786E-030
   2.5387798479522006E-030
   2.7788187927120865E-030
   3.0194859918250889E-030
   3.2591952502077501E-030
   3.4977268224908520E-030
   3.7353475656959055E-030
   3.9720193903541864E-030
   4.2079869855944101E-030
   4.4433176066722776E-030
   4.6785849884234710E-030
