   5.1286258401323830E-031
   1.0212784544061474E-030
   1.5296011021012744E-030
   2.0384647440968902E-030
   2.5479021386415231E-030
   3.0581685631618732E-030
   3.5692745845907736E-030
   4.0802911322478363E-030
   4.5905340975814786E-030
   5.1039911560702331E-030
   5.6216359432709158E-030
   6.1437271127503061E-030
   6.6701445146546992E-030
   7.2005014545003271E-030
   7.7340305223479210E-030
   8.2694555564353185E-030
   8.8051953520825910E-030
   9.3394811049155517E-030
   9.8706341317669353E-030
   1.0398971266540175E-029
