   7.3837096708485786E-031
   1.4705240933864575E-030
   2.2033321355000852E-030
   2.9374733381359966E-030
   3.6732659711437779E-030
   4.4095915170462075E-030
   5.1474188011338251E-030
   5.8927973548094156E-030
   6.6468714688223447E-030
   7.4096255017123935E-030
   8.1800119020559255E-030
   8.9564000394279572E-030
   9.7353008378783255E-030
   1.0511732880058923E-029
   1.1284804834914547E-029
   1.2054905984023750E-029
   1.2819872682666557E-029
   1.3579072069388713E-029
   1.7554846853239346E-009
   3.0863432844560656     
