   1.2868693967768004E-031
   2.5633856709109348E-031
   3.8408305384068066E-031
   5.1200730369100687E-031
   6.4016870276716925E-031
   7.6851451494224606E-031
   8.9661350259379809E-031
   1.0255523871084856E-030
   1.1557388904366208E-030
   1.2872201507422910E-030
   1.4199376779039657E-030
   1.5537203242078660E-030
   1.6882657199544455E-030
   1.8229841091108518E-030
   1.9570718081448110E-030
   2.0905677098206911E-030
   2.2231422620039965E-030
   2.3546772068392126E-030
   2.4850196889198703E-030
   1.4449115467633186E-012
