   5.1266579318428433E-031
   1.0208838787713597E-030
   1.5290083301143266E-030
   2.0376736586880682E-030
   2.5469118083021170E-030
   3.0569742208268653E-030
   3.5678758340571973E-030
   4.0786792250873236E-030
   4.5887035546334283E-030
   5.1019559996073728E-030
   5.6194114217570330E-030
   6.1413258628869482E-030
   6.6675837035043076E-030
   7.1977921602308126E-030
   7.7311851778022644E-030
   8.2664846684613377E-030
   8.8021085782696060E-030
   9.3362878488665942E-030
   9.8673444584295609E-030
   1.0395592793570996E-029
