   52.400642682519454     
   104.40521977030845     
   156.41164110429082     
   208.46381446862645     
   260.57107189316895     
   312.74677453091033     
   364.96947947367130     
   417.25278188244812     
   469.42717383333274     
   521.78640771782523     
   574.46339120859477     
   627.48488541195479     
   680.85584345204200     
   734.55505250866406     
   788.53673322976272     
   842.71802604240429     
   896.95077582389479     
   951.02868561735988     
   1004.7666170311157     
   1058.1598903050551     
