   52.259648607708478     
   104.11711761568526     
   155.98318395382501     
   207.88622548625725     
   259.83108646755710     
   311.84321531007566     
   363.93170961791856     
   416.05518514970777     
   468.08943966307191     
   520.21179426151934     
   572.59741417063674     
   625.31020186276146     
   678.36717391013974     
   731.75510614240977     
   785.42583227619764     
   839.31398693623930     
   893.30476988837063     
   947.25486361344360     
   1001.0028765081465     
   1054.3677098528394     
