   52.983203067036058     
   105.50556896788872     
   158.02644451372993     
   210.60374278108912     
   263.24352827741490     
   315.97681074106521     
   368.76871118227922     
   421.61171874118219     
   474.33876220485223     
   527.32461412066300     
   580.71313683942356     
   634.53688257045155     
   688.79711869665982     
   743.46198929929596     
   798.47076871394461     
   853.72191488946601     
   909.04405687130566     
   964.23851412560089     
   1019.1356421519691     
   1073.7034765122362     
