   50.848070791569917     
   101.22513534007453     
   151.70678398734134     
   202.36343283590901     
   252.94851129290339     
   304.16008017942806     
   356.28427208710008     
   409.33251493426502     
   463.19437827643537     
   517.67989660887383     
   572.41250020736186     
   627.06012734317801     
   681.74860408517418     
   736.57132982839153     
   791.67365722197155     
   847.06441145471354     
   902.75621264800031     
   958.73662605983156     
   1014.0685978726459     
   1062.6047200944213     
