   51.663770129246245     
   102.85250365774098     
   154.05062381417434     
   205.28976290176158     
   256.58244833934975     
   307.96243534120663     
   359.40842372945519     
   410.92836205215781     
   462.40084846087410     
   513.93089435984143     
   565.78337270247584     
   618.03567272787939     
   670.72097721066598     
   723.81676192369366     
   777.29751238040615     
   831.08766395395685     
   885.09723963991917     
   939.16827745724777     
   993.12951150135552     
   1046.8698617613402     
