   52.371820228304173     
   104.34417341044551     
   156.31834370090081     
   208.33805995622697     
   260.41489934784647     
   312.55821512563136     
   364.74915302167489     
   416.99398974023381     
   469.12177054682979     
   521.43602584707241     
   574.07285307036000     
   627.06023568190949     
   680.40010738600665     
   734.06869314339122     
   788.02269573350725     
   842.17529732947867     
   896.38210035654754     
   950.43774847118982     
   1004.1692747175678     
   1057.5571009845173     
