   52.934868240643439     
   105.47942333340551     
   158.05853229017964     
   210.70540443263076     
   263.44938886816954     
   316.25148960061068     
   368.96415489654703     
   421.98935216023591     
   475.46903981884032     
   529.42635758163544     
   583.83022597501042     
   638.61556585221570     
   693.65395674787567     
   748.69445885040193     
   803.39191199842753     
   857.79700839539737     
   911.79810983488960     
   965.29378251583512     
   1018.2545293058001     
   1070.6931644618055     
