   51.065947432135026     
   101.65732093099467     
   152.35724830403424     
   203.23275009751760     
   254.05817492117771     
   305.52104193436503     
   357.91128330775388     
   411.23264743806158     
   465.37548290954896     
   520.13856430280487     
   575.13016323531679     
   630.01622123550783     
   684.94235511365537     
   740.01335645079484     
   795.38074492315957     
   851.04562036325160     
   907.02226908908824     
   963.29318744428031     
   1018.6062339566082     
   1067.0114017755534     
