   52.133715748778087     
   103.87937832173748     
   155.74028549767638     
   207.71633589323488     
   259.71952151578341     
   312.44497987257159     
   365.96777353961494     
   420.20821410791802     
   475.00734352573477     
   529.96351276075927     
   584.70820478718144     
   639.44308555062423     
   694.15258569836396     
   748.75705353082424     
   803.23610569952348     
   857.62026631815547     
   908.13333201330238     
   953.90194413612346     
   997.95933536930238     
   1041.9213352081606     
