   52.903237149125268     
   105.41650497614506     
   157.96409894878443     
   210.57975634186064     
   263.29125932627556     
   316.06110053397720     
   368.73916611889217     
   421.72936899266523     
   475.17336214187600     
   529.09447174909394     
   583.46169534007379     
   638.20998962701378     
   693.21165503203406     
   748.21679051199180     
   802.88099077599236     
   857.25778823365249     
   911.22963624094314     
   964.70082758521733     
   1017.6423870735517     
   1070.0708243718184     
