   52.700096432715540     
   104.99180592817321     
   157.29194429074221     
   209.63014108794999     
   262.01713517607459     
   314.46321265400201     
   366.99893948377422     
   419.56818464946105     
   472.06431202961909     
   524.66672614827178     
   577.54099715033044     
   630.75632891712644     
   684.32389827024758     
   738.22795782377580     
   792.42610607479537     
   846.83919498052398     
   901.34676790576623     
   955.78537225248499     
   1009.9874181661579     
   1063.7750618449140     
