   52.189274803094982     
   103.93852807482247     
   155.73435886304523     
   207.62398211671788     
   259.63120037215657     
   311.68268054564373     
   363.84367333354385     
   416.54073077670773     
   469.85469994465319     
   523.78202699247254     
   578.24823004294706     
   633.13688757893931     
   688.20045024379510     
   743.08020604329351     
   797.71369242799085     
   852.11730767495158     
   906.01645069946017     
   959.31323726188316     
   1010.2335703938417     
   1054.3658898373769     
