   52.104903819335739     
   103.79712742152078     
   155.53296482348722     
   207.35801594717543     
   259.29140592713264     
   311.25515881003884     
   363.31527333140150     
   415.86179710646371     
   468.96943189492163     
   522.63844538089359     
   576.79755391238393     
   631.33303066203644     
   686.01136250167019     
   740.47275442874673     
   794.66784436769137     
   848.65773029342017     
   902.43349962939953     
   956.04846823416165     
   1009.5095719224561     
   1062.9291597693184     
