   50.542631370185518     
   100.71018137613865     
   150.97847587320936     
   201.38027651778927     
   251.94585217343894     
   303.30509923616586     
   355.49576524278206     
   408.40499940402088     
   461.81967253890957     
   515.29018780093111     
   568.68640721943848     
   622.14487936346848     
   675.73966917686676     
   729.47585466541489     
   783.36812540648475     
   837.40878772669828     
   891.59799118814283     
   945.89943638801265     
   994.18053458622569     
   1039.8139989220238     
