   52.769658304185405     
   105.07532478188004     
   157.39049582162980     
   209.74906089969423     
   262.16283668593553     
   314.64301808622605     
   367.22436263330616     
   419.84150421554500     
   472.35452941945630     
   525.01663188875523     
   578.00566451487293     
   631.40261105767183     
   685.21282016476744     
   739.42475607201288     
   793.99277045393671     
   848.82838477838550     
   903.79469710151716     
   958.73665088580049     
   1013.4930334740475     
   1067.8809426656446     
