   51.881001282535706     
   103.30721994382691     
   154.76996557098747     
   206.31489641008042     
   257.93183600740468     
   309.65032181198836     
   361.20889136325525     
   413.12675099553223     
   465.60151112652994     
   518.65689340807933     
   572.27039650963616     
   626.37499363910456     
   680.86595184352427     
   735.53438246437702     
   790.09202912527394     
   844.46150418269201     
   898.51725173880538     
   952.14120716687410     
   1005.1491638381931     
   1055.1130919113850     
