   51.833714041815924     
   103.29795090763189     
   154.75914726814977     
   206.26328004728816     
   257.83080944739021     
   309.46502769212708     
   361.14603336241015     
   412.66034355313974     
   464.36755025357678     
   516.41091116114092     
   568.83251655250263     
   621.63051274645818     
   674.77782606520520     
   728.21149770487318     
   781.82840036122252     
   835.46139754908199     
   888.92203878703594     
   942.03500235632202     
   994.86778197131650     
   1047.2844443347803     
