   52.401002387895431     
   104.39269595114264     
   156.45576701645274     
   208.61763389410581     
   260.89404392097100     
   313.12297635203265     
   365.81383439760828     
   419.10423582414819     
   472.99472735125312     
   527.40748660103304     
   582.22491367743146     
   637.16198640423715     
   691.80840411633437     
   746.21994400829760     
   800.36339680400204     
   853.89159895947853     
   906.74242566975681     
   956.28730280736977     
   999.84035988771484     
   1042.0508007103847     
