   52.768091567792560     
   105.16573272969426     
   157.55702696285780     
   209.99619261734819     
   262.50436028255046     
   315.08916399393718     
   367.71671602612412     
   420.27375705131635     
   472.91356556066228     
   525.84557778050691     
   579.12888658211364     
   632.78398871325771     
   686.78505829127857     
   741.08005594653571     
   795.58071498180720     
   850.12831256168420     
   904.49450586932574     
   958.46790869508743     
   1012.1215040640816     
   1065.3680247587772     
