   52.676492461299986     
   104.93903260500980     
   157.19264866308006     
   209.49879109025468     
   261.86196298057018     
   314.29565430488788     
   366.81657613832726     
   419.35346288795228     
   471.82479504687501     
   524.57992661528829     
   577.71741158615248     
   631.26047176443763     
   685.19942391176733     
   739.48802472936222     
   794.06173026987290     
   848.79026165684490     
   903.48922561307234     
   957.97707907820052     
   1012.1007299404306     
   1065.7383181246216     
