   51.558493072939598     
   102.65111629930207     
   153.79055998372229     
   205.03283624989075     
   256.40179541547030     
   307.81917281531679     
   359.30950416530254     
   411.38025394332197     
   464.10748428426200     
   517.49607517904712     
   571.48863665299029     
   625.96738940318380     
   680.71961391147806     
   735.39537086820962     
   789.90234628950304     
   844.20255882180686     
   898.27219036218139     
   952.07095133714370     
   1005.5747268035860     
   1056.4122141054181     
