   52.630518746104585     
   104.87683713632342     
   157.22460795980879     
   209.68073806977847     
   262.07426640516331     
   315.02285085163140     
   368.69254003811449     
   423.04145768442845     
   477.96161975505902     
   533.19199174252083     
   588.21933593594076     
   643.10474021848324     
   697.88613445559110     
   752.63366704928103     
   807.38118300356450     
   862.16876887477520     
   916.97177843416171     
   971.79789258798030     
   1023.7967737907625     
   1070.3398737505925     
