   52.910498645714789     
   105.38609017654348     
   157.87011012805982     
   210.39574860747979     
   262.97460547194527     
   315.61341716873358     
   368.34661692946440     
   421.11676929058166     
   473.79141111608578     
   526.60808155796042     
   579.72351842132196     
   633.21276858114550     
   687.08460784636281     
   741.32047121010385     
   795.88177466793888     
   850.68176442874778     
   905.58079839857021     
   960.41579207791415     
   1015.0279259440493     
   1069.2409038335891     
