   53.199701837382989     
   105.98644329152904     
   158.76976777844681     
   211.60170859035733     
   264.49243885696563     
   317.46947352185504     
   370.49484749670023     
   423.54653705617528     
   476.47468541389372     
   529.63625471703097     
   583.15193516200941     
   637.04867317481830     
   691.31551910564929     
   745.92733900515475     
   800.80930225710665     
   855.86859636121801     
   910.93704836487007     
   965.80939111865428     
   1020.3116668992728     
   1074.4928483602009     
