   52.421504662495579     
   104.37405365619361     
   156.36834756146786     
   208.44406576931272     
   260.61685924009714     
   312.88638661821761     
   365.02966979271559     
   417.56200289559143     
   470.68653674028701     
   524.41859378469508     
   578.73366107133052     
   633.55570105357049     
   688.77140645984355     
   744.14474172016946     
   799.35106751128137     
   854.36824573840408     
   909.06802190067719     
   963.51471936396172     
   1017.6608885017112     
   1071.5093207590633     
