   52.210671776340682     
   103.98881636879651     
   155.85008274400627     
   207.82113951767465     
   259.90786071175353     
   312.06629465731163     
   364.83938659636453     
   418.30404005341040     
   472.44209121462569     
   527.14297587974238     
   582.19644341854382     
   637.23306185559954     
   691.99745602885196     
   746.62183900585899     
   800.91229508273113     
   854.69700271202271     
   907.90043711200872     
   953.83056722413232     
   997.42026200942439     
   1040.3367372784487     
