   51.923038923246338     
   103.44402382061024     
   155.03675530900759     
   206.71079846659805     
   258.48965680951574     
   310.18769189023527     
   362.33780075119330     
   415.06754510781326     
   468.37564551259413     
   522.20036947258700     
   576.42599498523180     
   630.80380108895622     
   684.94128274405875     
   738.85453376749626     
   792.54452901644584     
   845.68078756609293     
   898.13505616722784     
   948.39637110553542     
   991.87748313052100     
   1033.7673272149100     
