   52.289055979356419     
   104.17550163353712     
   156.07057191438381     
   208.00262273625040     
   259.97717565856203     
   312.01824770099194     
   364.13731294252437     
   416.29092188430769     
   468.35796686033945     
   520.51395123257066     
   572.93382193282798     
   625.68148788607186     
   678.77353604098050     
   732.19713372938293     
   785.90374592453259     
   839.82782100743236     
   893.85400582390685     
   947.83808653628580     
   1001.6182422017649     
   1055.0119095112304     
