   51.654172302100569     
   102.84090921194509     
   154.07470865870570     
   205.41165790689010     
   256.87814961731817     
   308.39677840139933     
   359.99423369398659     
   412.17557882117194     
   465.01669329510258     
   518.52134200075341     
   572.63177606412000     
   627.22823206632143     
   682.09286664300862     
   736.87447395933532     
   791.47659097819815     
   845.87719509899773     
   900.03659925511613     
   953.91868124971984     
   1007.5011063057603     
   1058.2068356528946     
