   52.705092266573992     
   104.97497967601170     
   157.33095242536598     
   209.79587539419992     
   262.36538557807410     
   315.03624361030728     
   368.33606480033040     
   422.33682977935138     
   477.01395663328174     
   532.24502981524779     
   587.80296538610855     
   643.30141086208096     
   698.52651624980888     
   753.61192272306437     
   808.64462889266292     
   863.72871413714370     
   918.88759442660887     
   974.16462568426698     
   1029.5337189782194     
   1084.9425362412858     
