   53.222347984300271     
   106.02503425128374     
   158.82742707419470     
   211.67747612801361     
   264.60331690462704     
   317.61187325127838     
   370.69329124267699     
   423.66035832333733     
   476.88271484485580     
   530.52280114332575     
   584.61840557881317     
   639.17006983904992     
   694.12270310569841     
   749.40802108153139     
   804.88808936900114     
   860.34671590520281     
   915.51393778580393     
   970.38444918061327     
   1024.8268615874742     
   1078.7314539979545     
