   51.565579661362648     
   102.66312563235300     
   153.84565772840818     
   205.16172129174885     
   256.58542985873373     
   308.05207594434034     
   360.18591358228167     
   413.09180710137167     
   466.73019005651679     
   521.02266230073724     
   575.77698847140050     
   630.65627721000692     
   685.33775271056152     
   739.93042757822388     
   794.49861237222319     
   849.17968222321736     
   904.01250260437996     
   959.02227150729846     
   1014.2465770948734     
   1069.6319067965246     
