   51.172143236573312     
   101.89323917729583     
   152.70804786432160     
   203.67712526996101     
   254.72273418362855     
   306.00781807012692     
   358.03825856249586     
   410.87098366612594     
   464.43928487050960     
   518.62986826667861     
   573.16848919255278     
   627.61586093058702     
   681.95908299768973     
   736.25278667241537     
   790.57336811063271     
   844.98680139124531     
   899.52351586224756     
   954.17964423050194     
   1008.9257319090101     
   1058.8760131150034     
