   52.481639457978076     
   104.56516356592161     
   156.70091218556669     
   208.94304910486531     
   261.25644618340169     
   313.40958069016284     
   365.93006099848890     
   418.98273738746218     
   472.59178030778236     
   526.71636170140926     
   581.25661862581967     
   636.03182923469183     
   690.69851395906733     
   745.12745198599021     
   799.30382220651973     
   852.78381340867622     
   905.15281662671646     
   951.28006081770548     
   993.40071155081057     
   1035.3992324955498     
