   53.121697048511749     
   105.82506086236506     
   158.52795962057795     
   211.27752844109173     
   264.10133772527104     
   317.00600632312262     
   369.98320581429306     
   422.84067068773442     
   475.95055030807362     
   529.47774075846030     
   583.45852040764828     
   637.89305777421532     
   692.72748864418668     
   747.89496538389790     
   803.25810345717548     
   858.60369053531099     
   913.67206468757161     
   968.44556328362614     
   1022.8087198061409     
   1076.6322716333123     
