   52.751921220175447     
   105.08888811575385     
   157.41677433589149     
   209.79761142843756     
   262.23681415638561     
   314.74488739820310     
   367.34057744621350     
   419.95771998668334     
   472.51081510987279     
   525.35136086688203     
   578.57787207882745     
   632.21202609485249     
   686.24522041247621     
   740.63054747934348     
   795.30248065257399     
   850.12885203907797     
   904.92139303833699     
   959.49564535716490     
   1013.7070937305579     
   1067.4090049524189     
