   52.017959498481602     
   103.65819254742411     
   155.29021047351216     
   206.97159275172882     
   258.71603687920549     
   310.52711146548302     
   362.39397192756729     
   414.22845068059945     
   466.08662391375105     
   518.23486664175800     
   570.74362561972532     
   623.62905162085133     
   676.87131771975260     
   730.42374473200380     
   784.20915362492769     
   838.10256667132364     
   891.88558076701770     
   945.33759432854106     
   998.50484952569332     
   1051.3203567627218     
