   52.699741730235758     
   105.00412355372252     
   157.29998389524016     
   209.64623689355605     
   262.04765759740741     
   314.51570524908038     
   367.06761675475786     
   419.63985895973815     
   472.14918005634934     
   524.92298361514906     
   578.05645672132709     
   631.57125528738368     
   685.45926380064429     
   739.67474994810777     
   794.15322453626493     
   848.76884446526356     
   903.33466925220307     
   957.66264754135068     
   1011.6110518535950     
   1065.0431595587836     
