   52.667957811327220     
   104.94279230019868     
   157.21060347031482     
   209.52895302214159     
   261.92015938936396     
   314.39286088542798     
   366.91284211876166     
   419.36273920679554     
   471.89659365246513     
   524.74790892530723     
   577.98448864775366     
   631.62518654478572     
   685.64153582419272     
   739.98436080685701     
   794.56717189140693     
   849.22691144471332     
   903.73183636243937     
   957.88432583820543     
   1011.7368035827598     
   1065.2320373170960     
