   52.197554044677965     
   103.95520496250360     
   155.75943087779501     
   207.65754159453212     
   259.67341069300346     
   311.73366641680951     
   363.90315724998317     
   416.60803998530133     
   469.92894005737423     
   523.86256133116115     
   578.33446824297482     
   633.22824361629773     
   688.29644033674208     
   743.18051439034787     
   797.81775488241499     
   852.23897129256409     
   906.29384366195188     
   959.94560611900692     
   1013.1935392705806     
   1062.5701710214050     
