   52.595518782914581     
   104.79678177582461     
   156.98972014640862     
   209.23248084985931     
   261.52891708378763     
   313.89392149752587     
   366.34154768455682     
   418.80283351947668     
   471.19912458853139     
   523.85639630988851     
   576.87003384608352     
   630.26297620391153     
   684.02614779918576     
   738.11439147458339     
   792.46481782338731     
   846.95373060688723     
   901.39801682222844     
   955.61587690148349     
   1009.4532293881055     
   1062.7991341473396     
