   52.098328666195073     
   103.75801478342078     
   155.46392261086683     
   207.26395394795077     
   259.18060987500184     
   311.13508620092267     
   363.19569722893175     
   415.78877933293921     
   468.99486338257998     
   522.81296040451366     
   577.16921478084384     
   631.94859475269175     
   686.90494123936378     
   741.68638681602567     
   796.22940697813567     
   850.56104917798200     
   904.52975557619982     
   958.10318917909956     
   1011.2780954156631     
   1060.8042939325360     
