   51.533265289394130     
   102.62922989524003     
   153.72509164492453     
   204.86990289099199     
   256.09925563852534     
   307.42083102121251     
   358.78573529242470     
   410.00952290022929     
   461.54307653234162     
   513.54799762352491     
   566.05556953179644     
   619.05417093541780     
   672.49444381068952     
   726.30596051182306     
   780.35134969323894     
   834.42064487442303     
   888.29617916938037     
   941.96297895340808     
   995.35324085045886     
   1048.3499756914134     
