   52.093022925309441     
   103.77322145132470     
   155.49702361115499     
   207.30990048353598     
   259.23092390069496     
   311.18193481762609     
   363.22937700870438     
   415.76417940232739     
   468.86134683023232     
   522.52077683518041     
   576.67124041771763     
   631.19894810821120     
   685.87009568090696     
   740.32476064820571     
   794.51385462288999     
   848.49860597702275     
   902.26990000093895     
   955.88088695671877     
   1009.3388735657689     
   1062.7559658457819     
