   52.947441644835813     
   105.48891090272201     
   158.02082143724667     
   210.60220947804493     
   263.23372927814916     
   315.93272851540803     
   368.70749763155658     
   421.44107178991084     
   474.13920202780878     
   527.12978408588356     
   580.49431489639642     
   634.25210489456708     
   688.38640855716085     
   742.85772792341800     
   797.58349151262792     
   852.43038337095163     
   907.20632758969873     
   961.74603512687906     
   1015.9292989670770     
   1069.5450633817341     
