   51.950016537329077     
   103.48288933691248     
   155.02416256085692     
   206.60577388727197     
   258.22092988608881     
   309.91763385823350     
   361.67088667505180     
   413.46550940755725     
   465.11712180998114     
   516.87590847525610     
   568.90815142123540     
   621.28609152126239     
   674.02512895123994     
   727.10649596372264     
   780.49059401582792     
   834.10277679673402     
   887.83826776642024     
   941.55588049734820     
   995.10560780022865     
   1048.3440226126138     
