   52.109334030967105     
   103.77457006030366     
   155.43660546373499     
   207.14851452563389     
   258.93953512373588     
   310.81505890129245     
   362.77577405816351     
   414.63199531521462     
   466.71044209287589     
   519.21129696493676     
   572.19862833774243     
   625.67317193589520     
   679.61246376719350     
   733.93890809594427     
   788.54478615845721     
   843.25183102798030     
   897.84084258731639     
   952.12983622014917     
   1006.1630638016369     
   1059.7765202412495     
