   53.186177319583678     
   105.93707846525010     
   158.72784591048341     
   211.59135623807046     
   264.57171905786288     
   317.61323515435004     
   370.56706138519172     
   423.89453612593564     
   477.75401889689596     
   532.16830715850449     
   587.10342082140744     
   642.49040697272221     
   698.18331028163550     
   753.92376620722223     
   809.35750766622664     
   864.53568587403981     
   919.35650370997087     
   973.75379083462053     
   1027.7192550385089     
   1081.2255676603095     
