   52.104903819335739     
   103.79712486343588     
   155.53295730841131     
   207.35800163033733     
   259.29138307729085     
   311.25512624710075     
   363.31522330596056     
   415.86172105159687     
   468.96932781740514     
   522.63831650539225     
   576.79740729234243     
   631.33287602801647     
   686.01121147608649     
   740.47261958967590     
   794.66773759232933     
   848.65766283578375     
   902.43348124096349     
   956.04850877301806     
   1009.5096802090244     
   1062.9293450475650     
