   51.941326503845183     
   103.46544311081222     
   154.99795579557139     
   206.57078278413869     
   258.17717550959645     
   309.86488777172485     
   361.60928582152434     
   413.39467762382128     
   465.03602071954049     
   516.78513415360646     
   568.80822536289395     
   621.17756970440200     
   673.90870033605495     
   726.98280472352656     
   780.36030127020592     
   833.96637550645971     
   887.69616974726853     
   941.40849823991880     
   994.95338820267443     
   1048.1871158406545     
