   51.651719452198435     
   102.83383868649712     
   154.10236799819526     
   205.50229144800227     
   257.01754509500944     
   308.58283337291488     
   360.81967660259380     
   413.83294254164485     
   467.58315694277235     
   521.98973996937104     
   576.85516666211936     
   631.83378329958714     
   686.61249712454151     
   741.30361587153880     
   795.97087667527705     
   850.75396914357975     
   905.69862207757001     
   960.82355171345364     
   1016.1623754347124     
   1071.6682668693832     
