   52.362803657679819     
   104.32177284492671     
   156.28930906311115     
   208.29444702476266     
   260.34184305124427     
   312.45388091164318     
   364.64497493703846     
   416.86806421394078     
   468.99168921524603     
   521.21742503025780     
   573.70798765867710     
   626.52900855503447     
   679.69636321755866     
   733.19613897251259     
   786.98186722991272     
   840.98102802162487     
   895.07776379659822     
   949.12632048078979     
   1002.9647345070961     
   1056.4129230196056     
