   53.718498218266681     
   107.00757715299427     
   160.30167019685769     
   213.64170621935057     
   267.04079280135608     
   320.49871837839214     
   374.02621987482212     
   427.60875749250545     
   481.06493902761122     
   534.70134199362133     
   588.66730170913627     
   642.99984911079900     
   697.71353575653120     
   752.77665441902275     
   808.14727953649913     
   863.73414286364994     
   919.37792141189971     
   974.87587063490901     
   1030.0767203026023     
   1084.8704099911799     
