   52.468662899375332     
   104.48218978619828     
   156.48614271405464     
   208.54545078875387     
   260.66340671219427     
   312.86584293043887     
   365.15420436691136     
   417.43283340490478     
   469.63223919199675     
   522.16178849903008     
   575.12114418311819     
   628.53658251241711     
   682.39615578511768     
   736.65988765399152     
   791.24944187506424     
   846.03425939662804     
   900.85256060400468     
   955.52392609460821     
   1009.8777801515052     
   1063.9555015548463     
