   51.005268261646179     
   101.55123294804409     
   152.17479673340293     
   202.94216376495629     
   253.78178853848013     
   304.62490977204402     
   356.10463186154379     
   408.33060057067246     
   461.26907329879901     
   514.84276183119562     
   568.90135075677256     
   623.13780764954595     
   677.21629018547696     
   731.18781953224016     
   785.13218136118815     
   839.17938293019506     
   893.35151652021568     
   947.69463265619868     
   1002.2451790397624     
   1056.9661766246425     
