   52.292178258241691     
   104.14249371367949     
   156.03990657774392     
   208.03051830635349     
   260.13918117166043     
   312.30009818034978     
   364.57476679896666     
   417.39094982047220     
   470.83013695146946     
   524.88539487585035     
   579.48139488567688     
   634.49963909013900     
   689.68936102302393     
   744.68589764026194     
   799.42663294483862     
   853.94534052921858     
   908.09608902613832     
   961.83802193189001     
   1015.1739172026043     
   1064.3863526878051     
