   51.943428956886322     
   103.41271585515192     
   154.97287647222828     
   206.65926762052945     
   258.48192569522342     
   310.37353174946139     
   362.95124757946775     
   416.31863500139929     
   470.43741811475837     
   525.21738071888706     
   580.45378845759399     
   635.76470787155836     
   690.86406075854211     
   745.87112335162271     
   800.86512220976613     
   855.98671952544441     
   911.28446061576062     
   966.76481646989942     
   1022.4331175246739     
   1078.2780160106831     
