   52.524015961615348     
   104.57762713754423     
   156.67377299948981     
   208.85063087101977     
   261.12988428675914     
   313.50322245985456     
   365.75876906390357     
   418.40629476179504     
   471.65004929443654     
   525.50333075791957     
   579.94202489322868     
   634.88965430911765     
   690.22850221486874     
   745.71923572110700     
   801.03398255369882     
   856.15461708370015     
   910.95496099662785     
   965.48900693116093     
   1019.7168958446163     
   1073.6311859687767     
