   52.094135219973523     
   103.77539609332766     
   155.50030798394033     
   207.31434792887131     
   259.23665137056992     
   311.18926327610336     
   363.23895673665356     
   415.77600163352963     
   468.87524669466120     
   522.53656693040307     
   576.68870849103882     
   631.21788434470841     
   685.89032843690700     
   740.34614188909200     
   794.53623754077444     
   848.52181393013927     
   902.29381897109977     
   955.90541632892132     
   1009.3638736107033     
   1062.7812932970119     
