   52.078516218954000     
   103.77095412198065     
   155.45534458777149     
   207.19192844087780     
   258.99083572192819     
   310.85463004816512     
   362.76622941035043     
   414.58454947696180     
   466.46486230094473     
   518.64726713019400     
   571.20318144910516     
   624.14830954604599     
   677.46078411149779     
   731.08925796029018     
   784.95812327964313     
   838.92476901075213     
   892.77445595929419     
   946.32466328911914     
   999.59055227509327     
   1052.5621652334721     
