   52.589828880392858     
   104.78346306528776     
   156.97777951400718     
   209.22832876567512     
   261.57089554035525     
   313.98543624462889     
   366.43272528045770     
   418.77948363300709     
   471.42869308084994     
   524.49268964332146     
   577.99618682631592     
   631.91744116164148     
   686.20959416804931     
   740.78393802407174     
   795.49223634171540     
   850.07198072217875     
   904.29482851782996     
   958.24679572128991     
   1011.7045333611266     
   1064.6567042672887     
