   51.572860094470201     
   102.67771068255169     
   153.86754448454514     
   205.19100751961352     
   256.62212282603184     
   308.09625012989954     
   360.23723418778604     
   413.14998587524417     
   466.79489683389869     
   521.09360264510963     
   575.85383076154960     
   630.73830512393045     
   685.42402997802265     
   740.02041048957699     
   794.59260207989348     
   849.27929923738600     
   904.11991865374603     
   959.14262603552947     
   1014.3814059473107     
   1069.7838952205000     
