   52.964713370001661     
   105.50942187542238     
   158.06143934695586     
   210.65677703639250     
   263.29992165105961     
   315.99212957720266     
   368.76831324479235     
   421.56360297902154     
   474.18426477139190     
   526.98346541731416     
   580.09547507336208     
   633.55197724180562     
   687.36978586786324     
   741.52755318754055     
   795.98121326151147     
   850.65101301631921     
   905.38201770233354     
   960.01614671342770     
   1014.4245764465074     
   1068.4354696814055     
