   52.753156012272022     
   105.10743334136980     
   157.46280725328248     
   209.87698173427529     
   262.38295253081674     
   314.96066660414846     
   367.57795609678107     
   420.10552778134058     
   472.93753819405197     
   526.19033987782962     
   579.88718491204338     
   634.00442617543752     
   688.49361259009947     
   743.26497231208054     
   798.16254617493757     
   852.92673104418611     
   907.31972603754969     
   961.42749624117869     
   1015.0357107303664     
   1068.1375002283107     
