   52.477569050352642     
   104.50009217507875     
   156.51306652673233     
   208.58137381505026     
   260.70833081374002     
   312.91997540792363     
   365.21738296359899     
   417.50526541116022     
   469.71356396434311     
   522.25126151199458     
   575.21814806077509     
   628.64060078753880     
   682.50648090785057     
   736.77608442424275     
   791.37100597354583     
   846.16077109745834     
   900.98363527906122     
   955.65922107928384     
   1010.0168803239279     
   1064.0981094093461     
