   52.841530647594141     
   105.21800368146124     
   157.60388570589740     
   210.03346895116201     
   262.51932146506186     
   315.07118078575297     
   367.72491165759754     
   420.41661172139095     
   473.00849653982340     
   525.75109225010101     
   578.82238709628621     
   632.30417203496938     
   686.20115081581980     
   740.50030217913707     
   795.15694858879590     
   850.08273362618979     
   905.13721492537388     
   960.16371392252324     
   1015.0014625146938     
   1069.4682561217553     
