   52.703945365548378     
   104.99953633184896     
   157.30356620333376     
   209.64565548730755     
   262.03653599764669     
   314.48656883238050     
   367.02629174538180     
   419.59959690879577     
   472.10015557798602     
   524.70681501597130     
   577.58512407777187     
   630.80420038256159     
   684.37520370805714     
   738.28244802376912     
   792.48343597414123     
   846.89913834277786     
   901.40915173160943     
   955.85009487826937     
   1010.0543281412405     
   1063.8439360996433     
