   52.118749615219897     
   103.79349419989680     
   155.46503649940777     
   207.18649032652206     
   258.98713577910218     
   310.87249835187259     
   362.84307752602791     
   414.70993514922264     
   466.79850668437928     
   519.30851258246673     
   572.30424500702213     
   625.78654951199940     
   679.73294620778245     
   734.06594364245973     
   788.67777923156848     
   843.39037568298716     
   897.98444028754579     
   952.27793147145849     
   1006.3153891645834     
   1059.9326000038204     
