   52.440547228938797     
   104.45677391540571     
   156.50693503850877     
   208.63819837830968     
   260.84621363723312     
   313.12606426936293     
   365.26265758563216     
   417.74950694421563     
   470.73704474988290     
   524.25995482252915     
   578.28424061333908     
   632.74328551571398     
   687.51795278915188     
   742.37440559088316     
   797.01693859101704     
   851.45378134967575     
   905.53440582533813     
   959.26022071819489     
   1012.5584795981461     
   1065.4478223639458     
