   52.016369670095145     
   103.59497625881269     
   155.19491165371775     
   206.86096889423362     
   258.64260105609276     
   310.49176896453844     
   362.29386758317889     
   414.26843636001121     
   466.69365069260778     
   519.63927280098562     
   573.10471755771334     
   627.04997657461706     
   681.38617631736861     
   735.98358891701037     
   790.57741354639700     
   844.88219208018995     
   898.98042668661583     
   952.53774160483908     
   1005.2128071038121     
   1054.7344587607292     
