   52.699741730235758     
   104.99111112053134     
   157.29090871388360     
   209.62875118360432     
   262.01537562727111     
   314.46107804001269     
   366.99639674538668     
   419.56517952930739     
   472.06072080359456     
   524.66243006116906     
   577.53600409340447     
   630.75067194938208     
   684.31762703221852     
   738.22112072077744     
   792.41876039519525     
   846.83138952504021     
   901.33854338218839     
   955.77676234903709     
   1009.9784656018369     
   1063.7657957279650     
