   52.082183239443971     
   103.75135176366057     
   155.46415508861611     
   207.26593757260704     
   259.17577537696684     
   311.11552054085774     
   363.15237177081502     
   415.67754819792356     
   468.76621387547323     
   522.41785204797213     
   576.56127777719178     
   631.08263717289492     
   685.74787708292433     
   740.19697936373632     
   794.38112299072066     
   848.36161802095796     
   902.12920435034584     
   955.73686870396568     
   1009.1922491138664     
   1062.6072027144107     
