   51.538884739859910     
   102.62393027849619     
   153.74418697350521     
   204.94289063357874     
   256.21536280221318     
   307.59044779272358     
   358.80242598499967     
   410.36028897347836     
   462.46647325849818     
   515.15007523095107     
   568.39264604461493     
   622.13313112252968     
   676.26332260813683     
   730.59908479822900     
   784.87291227178594     
   838.94005432844949     
   892.75699008651509     
   946.32231136673920     
   999.56288190214400     
   1052.5007370776220     
