1.653629e-01
1.662617e-01
1.662733e-01
1.663012e-01
1.691740e-01
1.691835e-01
1.692946e-01
1.693428e-01
1.697435e-01
1.699719e-01
1.699917e-01
1.700635e-01
1.700650e-01
1.703212e-01
1.703725e-01
1.704218e-01
1.712105e-01
1.721325e-01
1.727021e-01
1.728298e-01
1.733601e-01
1.733716e-01
1.733727e-01
1.739397e-01
1.745688e-01
1.746150e-01
1.781845e-01
1.808028e-01
1.848951e-01
1.944677e-01
1.944911e-01
2.057742e-01
3.187317e-01
4.561154e-01
4.798182e-01
4.965569e-01
5.833437e-01
6.017731e-01
7.262125e-01
7.319896e-01
7.768429e-01
7.865211e-01
7.880446e-01
8.439079e-01
8.866893e-01
9.018689e-01
9.027433e-01
9.037065e-01
9.041220e-01
9.042973e-01
9.058127e-01
9.081563e-01
9.099025e-01
9.135801e-01
9.142291e-01
9.142723e-01
9.142736e-01
9.158379e-01
9.158877e-01
9.159096e-01
9.171024e-01
9.173791e-01
9.175791e-01
9.263607e-01
9.264466e-01
9.267525e-01
9.282525e-01
9.300700e-01
9.340174e-01
9.377756e-01
9.378185e-01
9.389419e-01
9.412197e-01
9.423061e-01
9.434226e-01
9.514121e-01
9.516307e-01
9.588795e-01
9.918561e-01
9.921547e-01
9.921551e-01
1.009565e+00
1.011294e+00
1.012626e+00
1.016017e+00
1.016764e+00
1.016839e+00
1.016866e+00
1.025599e+00
1.025646e+00
1.025646e+00
1.025647e+00
1.025647e+00
1.025647e+00
1.025647e+00
1.025647e+00
1.025647e+00
1.025711e+00
1.025757e+00
1.026720e+00
