   2.3102343470924586E-031
   4.6004388211841060E-031
   6.8902240347434247E-031
   9.1824468304686289E-031
   1.1477254758217772E-030
   1.3775797943848162E-030
   1.6078124852983499E-030
   1.8380053480319525E-030
   2.0678520960242386E-030
   2.2991482755435523E-030
   2.5323317794319886E-030
   2.7675188745377910E-030
   3.0046552753580700E-030
   3.2435670640767558E-030
   3.4839091057474374E-030
   3.7251077599047534E-030
   3.9664514803806356E-030
   4.2071476499847082E-030
   4.4464481024815860E-030
   4.6841086392737612E-030
