   3.6363357986647394E-031
   7.2440415566367078E-031
   1.0851715518804319E-030
   1.4462583364570252E-030
   1.8078531376095402E-030
   2.1700010794923575E-030
   2.5326464610389541E-030
   2.8944738969470252E-030
   3.2580272754751237E-030
   3.6244344171707476E-030
   3.9939441490163227E-030
   4.3665574369667551E-030
   4.7419060887493056E-030
   5.1195328969279974E-030
   5.4984974075248317E-030
   5.8773408996480830E-030
   6.2542865145725887E-030
   6.6292118531497646E-030
   7.0013278004579008E-030
   7.3697485517797574E-030
