   7.3843146474460826E-031
   1.4706458269192155E-030
   2.2035152435544528E-030
   2.9377186458233099E-030
   3.6735747627114499E-030
   4.4099655913508804E-030
   5.1478569735943896E-030
   5.8932947158727256E-030
   6.6474211663314144E-030
   7.4102224443944886E-030
   8.1806515703157558E-030
   8.9570778202559408E-030
   9.7360129633219498E-030
   1.0512476913725752E-029
   1.1285576761247050E-029
   1.2055701841394328E-029
   1.2820688796474237E-029
   1.3579905909305539E-029
   1.7444708571555643E-009
   3.0852966977046572     
