   2.2930479796467483E-031
   4.5679267110375844E-031
   6.8447257874366277E-031
   9.1254486742966944E-031
   1.1410937067580374E-030
   1.3697758472462201E-030
   1.5988840294771214E-030
   1.8301360463671612E-030
   2.0638612037854823E-030
   2.3000595544376461E-030
   2.5384174769573855E-030
   2.7784342965157654E-030
   3.0190810043079453E-030
   3.2587710359900840E-030
   3.4972854715317807E-030
   3.7348915581832781E-030
   3.9715506339486073E-030
   4.2075069190983277E-030
   4.4428287309434172E-030
   4.6780891168255144E-030
