   2.2925680847869201E-031
   4.5669587992424349E-031
   6.8432710107974764E-031
   9.1235025390945549E-031
   1.1408494937904808E-030
   1.3694815558973190E-030
   1.5985424979603184E-030
   1.8297515793384004E-030
   2.0634388106963893E-030
   2.2996024257264954E-030
   2.5379289531451314E-030
   2.7779174217337258E-030
   3.0185376895388814E-030
   3.2582027385465161E-030
   3.4966948128396951E-030
   3.7342815499597627E-030
   3.9709236405085336E-030
   4.2068646490033577E-030
   4.4421743680602695E-030
   4.6774247997679234E-030
