   5.1012388784845028E-031
   1.0158299408683765E-030
   1.5214497452873406E-030
   2.0275854947068953E-030
   2.5342849982159424E-030
   3.0418732672261946E-030
   3.5501580783055474E-030
   4.0582987239991809E-030
   4.5655080502171767E-030
   5.0758644702354743E-030
   5.5903494664930343E-030
   6.1092161908424795E-030
   6.6323422804067133E-030
   7.1594056277667807E-030
   7.6896415887190067E-030
   8.2218389615267898E-030
   8.7544372037017164E-030
   9.2857938487876946E-030
   9.8142341180590359E-030
   1.0340126704127342E-029
