   2.2928997680065585E-031
   4.5676270588233765E-031
   6.8442756364927807E-031
   9.1248471755753531E-031
   1.1410184028546474E-030
   1.3696855788096131E-030
   1.5987804346672208E-030
   1.8300205395964399E-030
   2.0637352660206703E-030
   2.2999240445589779E-030
   2.5382732742118128E-030
   2.7782821837521071E-030
   3.0189214275093913E-030
   3.2586043071503577E-030
   3.4971122960224426E-030
   3.7347127512986930E-030
   3.9713668674808257E-030
   4.2073186611297206E-030
   4.4426368984110297E-030
   4.6778942763590956E-030
