   2.2933736773706565E-031
   4.5685831442540011E-031
   6.8457119995475263E-031
   9.1267673864386259E-031
   1.1412591215632438E-030
   1.3699752215239758E-030
   1.5991157487091231E-030
   1.8303972861819583E-030
   2.0641486313353109E-030
   2.3003709993143968E-030
   2.5387506991751897E-030
   2.7787872530751941E-030
   3.0194524480009012E-030
   3.2591600552206461E-030
   3.4976903269581759E-030
   3.7353101722723689E-030
   3.9719813826747071E-030
   4.2079486281583331E-030
   4.4432792080907013E-030
   4.6785468692952937E-030
