   2.2926878459053868E-031
   4.5672028418123573E-031
   6.8436374656938377E-031
   9.1239912803090178E-031
   1.1409103705995853E-030
   1.3695534788610281E-030
   1.5986221930454247E-030
   1.8298376061995878E-030
   2.0635300574455335E-030
   2.2996984722315628E-030
   2.5380294158183589E-030
   2.7780220091206025E-030
   3.0186463466832334E-030
   3.2583154750750664E-030
   3.4968112625391981E-030
   3.7344013264057683E-030
   3.9710463534290126E-030
   4.2069900709591519E-030
   4.4423019283648013E-030
   4.6775542791850725E-030
