   5.1275760777301581E-031
   1.0210682235920961E-030
   1.5292854351487698E-030
   2.0380434279209313E-030
   2.5473744607444549E-030
   3.0575319448413945E-030
   3.5685278281433175E-030
   4.0794285178744371E-030
   4.5895492087293797E-030
   5.1028907695637443E-030
   5.6204285184410065E-030
   6.1424196823578791E-030
   6.6687466218539959E-030
   7.1990193877419345E-030
   7.7324712296277621E-030
   8.2678249307362588E-030
   8.8034987651242732E-030
   9.3377240092414817E-030
   9.8688221226520165E-030
   1.0397108714065767E-029
