   2.2930310073281495E-031
   4.5678935909218502E-031
   6.8446758073945363E-031
   9.1253810007952352E-031
   1.1410849865130668E-030
   1.3697646761754799E-030
   1.5988694316716785E-030
   1.8301180675706870E-030
   2.0638401079622325E-030
   2.3000356275529560E-030
   2.5383910277979485E-030
   2.7784056181851942E-030
   3.0190503288316872E-030
   3.2587385499453387E-030
   3.4972513641380040E-030
   3.7348560737530879E-030
   3.9715139238433118E-030
   4.2074691161045847E-030
   4.4427900260856491E-030
   4.6780497063376625E-030
