   5.1279817101425610E-031
   1.0211498522823512E-030
   1.5294082152864034E-030
   2.0382071202010103E-030
   2.5475788852047827E-030
   3.0577779537303869E-030
   3.5688140591098426E-030
   4.0797553387016837E-030
   4.5899130392430780E-030
   5.1032876697469353E-030
   5.6208558925630690E-030
   6.1428754637249162E-030
   6.6692279920513969E-030
   7.1995248281847495E-030
   7.7329989319883272E-030
   8.2683734763621913E-030
   8.8040668073659551E-030
   9.3383104705174310E-030
   9.8694253719658183E-030
   1.0397727617761472E-029
