   5.1267349043904319E-031
   1.0208990602286661E-030
   1.5290309807924324E-030
   2.0377039434346588E-030
   2.5469499693235037E-030
   3.0570204314378963E-030
   3.5679311794618321E-030
   4.0787451750241096E-030
   4.5887844234776183E-030
   5.1020523263434773E-030
   5.6195223225451590E-030
   6.1414505439127579E-030
   6.6677209936549699E-030
   7.1979410789767726E-030
   7.7313446918013953E-030
   8.2666538051566315E-030
   8.8022864521539327E-030
   9.3364734283684743E-030
   9.8675369949572388E-030
   1.0395791619084542E-029
