   5.1275284033398340E-031
   1.0210587813355800E-030
   1.5292712696668611E-030
   2.0380243606767171E-030
   2.5473502409997892E-030
   3.0575023661218175E-030
   3.5684920802690937E-030
   4.0793856052708589E-030
   4.5894962914203127E-030
   5.1028273785152820E-030
   5.6203552279197224E-030
   6.1423371012846314E-030
   6.6686556423006853E-030
   7.1989208446395769E-030
   7.7323660283858871E-030
   8.2677139515330501E-030
   8.8033827740376202E-030
   9.3376038558270475E-030
   9.8686984237198940E-030
   1.0396982004158963E-029
