   2.3018961979323448E-031
   4.5865756860256507E-031
   6.8709172966657348E-031
   9.1573556245989339E-031
   1.1446029771555780E-030
   1.3738017976001830E-030
   1.6033212990559287E-030
   1.8328425913476448E-030
   2.0620311407293954E-030
   2.2923345737942123E-030
   2.5241715970289123E-030
   2.7576501822743684E-030
   2.9927149406572744E-030
   3.2291972809087389E-030
   3.4668174870088499E-030
   3.7050585051335738E-030
   3.9431950414291681E-030
   4.1804367973752564E-030
   4.4160180234454248E-030
   4.6496776680409409E-030
