   3.6363357986647394E-031
   7.2440415104381956E-031
   1.0851715382785518E-030
   1.4462583105136541E-030
   1.8078530966404251E-030
   2.1700010209025441E-030
   2.5326463822048158E-030
   2.8944737985894274E-030
   3.2580271259993360E-030
   3.6244342010573613E-030
   3.9939438646573491E-030
   4.3665570953998088E-030
   4.7419057095973428E-030
   5.1195325068689412E-030
   5.4984970361769040E-030
   5.8773405803759025E-030
   6.2542862858072296E-030
   6.6292117448280074E-030
   7.0013278454920980E-030
   7.3697487754747457E-030
