   3.6486103764827107E-031
   7.2656289453537499E-031
   1.0882646157462946E-030
   1.4503403754975607E-030
   1.8130057320292130E-030
   2.1763063516687712E-030
   2.5401902441100799E-030
   2.9032731973720603E-030
   3.2684020299284669E-030
   3.6367682270175978E-030
   4.0087199086858559E-030
   4.3842352489477291E-030
   4.7629179640343072E-030
   5.1442821869212469E-030
   5.5273098796370959E-030
   5.9104696358888942E-030
   6.2919456091306714E-030
   6.6715473704023220E-030
   7.0486630665562069E-030
   7.4229066986649572E-030
