   5.1285811874152535E-031
   1.0212696543811949E-030
   1.5295879669161912E-030
   2.0384471526935677E-030
   2.5478799013056187E-030
   3.0581415377111160E-030
   3.5692420641582304E-030
   4.0802522141171216E-030
   4.5904862661186961E-030
   5.1039341680559966E-030
   5.6215703693828729E-030
   6.1436534588162593E-030
   6.6700634772199294E-030
   7.2004136087580115E-030
   7.7339364549356477E-030
   8.2693558191260011E-030
   8.8050904384090196E-030
   9.3393716168361801E-030
   9.8705205046964171E-030
   1.0398853899586590E-029
