   2.3308192788110742E-031
   4.6437706093947824E-031
   6.9563011556120591E-031
   9.2710083130546867E-031
   1.1587920599128154E-030
   1.3907805652453469E-030
   1.6231025329380734E-030
   1.8552440527272940E-030
   2.0872279149402806E-030
   2.3204985158133359E-030
   2.5554144774816791E-030
   2.7920604350833719E-030
   3.0303630368485247E-030
   3.2701487937845803E-030
   3.5110545201675725E-030
   3.7524936164758269E-030
   3.9936210560548475E-030
   4.2337097565685850E-030
   4.4722318727292605E-030
   4.7082969649373910E-030
