   2.2956061618881789E-031
   4.5730049657981638E-031
   6.8523318258816669E-031
   9.1355716573706941E-031
   1.1423616407931748E-030
   1.3713163421421183E-030
   1.6007058965684769E-030
   1.8322485449550295E-030
   2.0662760930717255E-030
   2.3027800746893807E-030
   2.5414468831471296E-030
   2.7817701738002760E-030
   3.0227128313897957E-030
   3.2626749082344667E-030
   3.5014358044060286E-030
   3.7392860805629308E-030
   3.9761886901833731E-030
   4.2123845976230834E-030
   4.4479706441914843E-030
   4.6834901371394194E-030
