   5.1784823488468438E-031
   1.0311834603226150E-030
   1.5444160027026537E-030
   2.0582256304866474E-030
   2.5726862861131750E-030
   3.0878630021222410E-030
   3.6039646591080594E-030
   4.1202759398146510E-030
   4.6359877479344143E-030
   5.1551179364599327E-030
   5.6786250981837731E-030
   6.2067139890080754E-030
   6.7393574535806950E-030
   7.2759734354870105E-030
   7.8158321059787428E-030
   8.3575337312857427E-030
   8.8992770297861567E-030
   9.4391225637892222E-030
   9.9756922492335447E-030
   1.0508913365268717E-029
