   5.1280787280672756E-031
   1.0211688977091789E-030
   1.5294365555658283E-030
   2.0382449946015364E-030
   2.5476266975111590E-030
   3.0578360311866512E-030
   3.5688839804093578E-030
   4.0798391512611164E-030
   4.5900161143273818E-030
   5.1034101354282156E-030
   5.6209962931063112E-030
   6.1430326311774673E-030
   6.6694004568129922E-030
   7.1997114426987482E-030
   7.7331985669259993E-030
   8.2685851062491167E-030
   8.8042895693042331E-030
   9.3385432602730424E-030
   9.8696674195163307E-030
   1.0397978206090864E-029
