   1.2735124912247494E-031
   2.5362575765827190E-031
   3.7999519550095190E-031
   5.0654961277099935E-031
   6.3331085390272290E-031
   7.6032606376784952E-031
   8.8707231071961547E-031
   1.0146420150672885E-030
   1.1435321019461958E-030
   1.2737848373241244E-030
   1.4053562327622894E-030
   1.5380692156766675E-030
   1.6716779788993678E-030
   1.8056315089823635E-030
   1.9391355345748968E-030
   2.0721143381743685E-030
   2.2042545399901647E-030
   2.3355574928350959E-030
   2.4657756370317594E-030
   2.1848265714832737E-018
