   5.1271184117990144E-031
   1.0209762795510329E-030
   1.5291471594739713E-030
   2.0378588423429382E-030
   2.5471434404486915E-030
   3.0572533847096995E-030
   3.5682021459231468E-030
   4.0790542628942597E-030
   4.5891267942265887E-030
   5.1024235139758255E-030
   5.6199196791561777E-030
   6.1418720692466012E-030
   6.6681641406662437E-030
   7.1984046028700484E-030
   7.7318271024406745E-030
   8.2671540061307627E-030
   8.8028033803355220E-030
   9.3370063138616028E-030
   9.8680844695381103E-030
   1.0396352827723763E-029
