   1.0521033689400123E-030
   2.0951569307125937E-030
   3.1382232511187769E-030
   4.1825091933709445E-030
   5.2288868672763330E-030
   6.2769701977462668E-030
   7.3256540795549551E-030
   8.3717907570989868E-030
   9.4252967959875535E-030
   1.0488757007077480E-029
   1.1562582644032553E-029
   1.2646466118861414E-029
   1.3739408910293074E-029
   1.4839430205832991E-029
   1.5943582058389189E-029
   1.7046705165916766E-029
   1.8144396191055222E-029
   1.9237876821778631E-029
   2.0324894174418720E-029
   2.1405575657529007E-029
