   5.1687494440265315E-031
   1.0298250034172431E-030
   1.5426857098833338E-030
   2.0560464912854630E-030
   2.5699643881278158E-030
   3.0845077428642461E-030
   3.5998599380550256E-030
   4.1153827912922664E-030
   4.6303581099448223E-030
   5.1480611778126115E-030
   5.6694239949042441E-030
   6.1945626496845905E-030
   6.7234320743794544E-030
   7.2556096966428436E-030
   7.7903840021092859E-030
   8.3264544227054691E-030
   8.8619224259004052E-030
   9.3949036523448201E-030
   9.9243492664179453E-030
   1.0449510874028174E-029
