   2.2931935003518913E-031
   4.5682213010246054E-031
   6.8451683873574952E-031
   9.1260398988371228E-031
   1.1411676597631628E-030
   1.3698643322112640E-030
   1.5989852931782681E-030
   1.8302487862711350E-030
   2.0639840370597906E-030
   2.3001916721674583E-030
   2.5385580265959578E-030
   2.7785824910907540E-030
   3.0192363740241864E-030
   3.2589332254314753E-030
   3.4974537266137187E-030
   3.7350650193406969E-030
   3.9717285812564046E-030
   4.2076888414257078E-030
   4.4430136728339096E-030
   4.6782764756981653E-030
