   1.0441289168315950E-030
   2.0804915306856306E-030
   3.1168424351745505E-030
   4.1541161597495284E-030
   5.1931482663357810E-030
   6.2335746548204727E-030
   7.2742869927877208E-030
   8.3124945082675281E-030
   9.3565288673475241E-030
   1.0408664572079011E-029
   1.1469266368295657E-029
   1.2538032863537393E-029
   1.3614076556494837E-029
   1.4695727931616143E-029
   1.5780446564373224E-029
   1.6863135231655117E-029
   1.7939340205389315E-029
   1.9011007830133128E-029
   2.0074146186395732E-029
   2.1126939156773142E-029
