   1.2592743419899061E-031
   2.5074620574600546E-031
   3.7565098877882375E-031
   5.0074738580941435E-031
   6.2602422281110414E-031
   7.5155175349921366E-031
   8.7668102654527632E-031
   1.0026544033521485E-030
   1.1299659947158740E-030
   1.2586871833321004E-030
   1.3887729676149746E-030
   1.5200742409726183E-030
   1.6523265736090959E-030
   1.7850803471576505E-030
   1.9176837223133970E-030
   2.0497846821679126E-030
   2.1812772209153191E-030
   2.3121468612085053E-030
   2.4421698141037208E-030
   1.8867125624214403E-027
