   9.0476398371794769E-031
   1.8020207194943169E-030
   2.6995728564527172E-030
   3.5982038734582115E-030
   4.4985836313841735E-030
   5.4003449543066867E-030
   6.3006664590977123E-030
   7.2034305383955268E-030
   8.1136217857452696E-030
   9.0326332330762244E-030
   9.9604974387164974E-030
   1.0896515242459697E-029
   1.1839383474584059E-029
   1.2786982860071433E-029
   1.3735151630895192E-029
   1.4679024647806409E-029
   1.5619932711066977E-029
   1.6552969035206836E-029
   1.7472424915063671E-029
   1.1244282362391755     
