   2.2923593421863290E-031
   4.5665406605070292E-031
   6.8426420497162708E-031
   9.1226593118110844E-031
   1.1407431421530557E-030
   1.3693516858431069E-030
   1.5983871822734945E-030
   1.8295722068917533E-030
   2.0632377238401689E-030
   2.2993814651677026E-030
   2.5376901667234078E-030
   2.7776627616591532E-030
   3.0182685923612704E-030
   3.2579204013650974E-030
   3.4964008426067620E-030
   3.7339777996313933E-030
   3.9706114755274732E-030
   4.2065450975487042E-030
   4.4418491050046888E-030
   4.6770951451657513E-030
