   5.2106368021790796E-031
   1.0375750503761781E-030
   1.5539805586998121E-030
   2.0709737088526724E-030
   2.5886801760999226E-030
   3.1071095102802088E-030
   3.6264029571108790E-030
   4.1461123057842626E-030
   4.6653542351054957E-030
   5.1881513890428791E-030
   5.7154297273836095E-030
   6.2473470893061073E-030
   6.7838926117929627E-030
   7.3244685705909798E-030
   7.8683046169538445E-030
   8.4139533543359091E-030
   8.9594393245179613E-030
   9.5027186841562690E-030
   1.0042702469446308E-029
   1.0579136442676773E-029
