   1.2812148586271722E-031
   2.5520608162405579E-031
   3.8237359828490676E-031
   5.0973922230894668E-031
   6.3729262953760190E-031
   7.6502105305697883E-031
   8.9239859319980207E-031
   1.0206325962112208E-030
   1.1500906440246861E-030
   1.2808576408600771E-030
   1.4128502700908907E-030
   1.5459058019173914E-030
   1.6797328400923650E-030
   1.8137603046286226E-030
   1.9472677218459735E-030
   2.0802770744958401E-030
   2.2124192841210152E-030
   2.3436862713802133E-030
   2.4738333753656789E-030
   5.8077104277297808E-013
