   2.2928842282502221E-031
   4.5675966991418605E-031
   6.8442298690844622E-031
   9.1247853345400506E-031
   1.1410104589423707E-030
   1.3696754374350781E-030
   1.5987672038915741E-030
   1.8300042361693586E-030
   2.0637161130291807E-030
   2.2999022881755315E-030
   2.5382491886371363E-030
   2.7782560347301365E-030
   3.0188934244130702E-030
   3.2585746229064759E-030
   3.4970811070337117E-030
   3.7346802793016354E-030
   3.9713332524676775E-030
   4.2072840225312295E-030
   4.4426014130854910E-030
   4.6778581227463914E-030
