   52.104903819335739     
   103.79712581677111     
   155.53296010950612     
   207.35800696738303     
   259.29139159623026     
   311.25513838833990     
   363.31524195666123     
   415.86174939766875     
   468.96936659090403     
   522.63836449679343     
   576.79746187419676     
   631.33293358926892     
   686.01126771605414     
   740.47266987647811     
   794.66777755877376     
   848.65768837788232     
   902.43348883193073     
   956.04849486127432     
   1009.5096416419677     
   1062.9292785417495     
