   52.101209418176445     
   103.78967818913564     
   155.52176949323265     
   207.34304233886303     
   259.27262017459714     
   311.23251444938575     
   363.28894894408984     
   415.83210290355612     
   468.93674178196591     
   522.60300815997550     
   576.75962923333157     
   631.29285928611671     
   685.96909599482808     
   740.42850793027844     
   794.62182722570446     
   848.61018964576908     
   902.38462961011578     
   955.99841109954468     
   1009.4585845187092     
   1062.8774169221797     
