   52.090043341158285     
   103.76716918488624     
   155.48793584995357     
   207.29777661184838     
   259.21580128373915     
   311.16397206957765     
   363.20916557275581     
   415.74202454916752     
   468.83752455005549     
   522.49541842494580     
   576.64447949737325     
   631.17090193130446     
   685.84081925382327     
   740.29429205409838     
   794.48232019068757     
   848.46614166094571     
   902.23662909697146     
   955.84688920153826     
   1009.3043179652386     
   1062.7209363683689     
