   52.100809541089291     
   103.78889925237507     
   155.52059500295397     
   207.34145243212819     
   259.27057082677953     
   311.22988705831546     
   363.28551582965054     
   415.82788039983569     
   468.93179480065186     
   522.59740476384388     
   576.75344106946147     
   631.28615287125410     
   685.96192223455807     
   740.42090598879747     
   794.61383751325832     
   848.60186612547113     
   902.37600428335054     
   955.98951181656935     
   1009.4494529389459     
   1062.8680966012164     
