   52.028930561748517     
   103.62099067502893     
   155.25895975986703     
   206.99169903580389     
   258.83998252371254     
   310.72051684449139     
   362.70301107254545     
   415.21249534291400     
   468.32818934254402     
   522.05212273766972     
   576.31191895898360     
   630.99343780979871     
   685.85301102379356     
   740.54761379373224     
   795.01196587372908     
   849.26403346559914     
   903.15300638321298     
   956.64995684307200     
   1009.7437077234018     
   1059.4168472171384     
