   52.094135219973523     
   103.77539417211430     
   155.50030234898378     
   207.31433752972711     
   259.23663532827561     
   311.18924174121730     
   363.23892065584602     
   415.77593995918255     
   468.87515712922624     
   522.53645401263771     
   576.68858210189239     
   631.21775785866259     
   685.89021806443145     
   740.34606512755067     
   794.53621002882278     
   848.52185032211753     
   902.29393165613715     
   955.90561766307894     
   1009.3641743598909     
   1062.7817037504587     
