   52.093411950457579     
   103.77398117952136     
   155.49817109795470     
   207.31145545696666     
   259.23292913373268     
   311.18450514520094     
   363.23273839975394     
   415.76832313435301     
   468.86621196612231     
   522.52629658103194     
   576.67734091479235     
   631.20555737634947     
   685.87715598146167     
   740.33222284751014     
   794.52167029387579     
   848.50671634419905     
   902.27826852125270     
   955.88948137214300     
   1009.3476480481114     
   1062.7648727398437     
