   52.193067169606316     
   103.92198356580649     
   155.67456024023522     
   207.49900735026091     
   259.44515137514384     
   311.46160790552352     
   363.43700375322800     
   415.60732870792293     
   468.27155210967931     
   521.49954551700921     
   575.28915434808607     
   629.59681522031906     
   684.33185191240921     
   739.35434106478567     
   794.39313360954179     
   849.16047025419823     
   903.72951997209452     
   957.78098840899281     
   1011.0393712883342     
   1060.7326432382356     
