   52.093775683669385     
   103.74886838760827     
   155.45016709451005     
   207.24552412347339     
   259.15739715009016     
   311.10689180764251     
   363.16243563511784     
   415.75078681483922     
   468.95265961374866     
   522.76694864522221     
   577.11975847783788     
   631.89606894534404     
   686.84965398546672     
   741.62854293709984     
   796.16932741603296     
   850.49905439034808     
   904.46613638966801     
   958.03814709571668     
   1011.2119114813210     
   1060.7361924093173     
