   52.086282453728487     
   103.75959138163972     
   155.47654427476101     
   207.28253102022973     
   259.19665293647915     
   311.14084848151248     
   363.18220656404037     
   415.71155737519553     
   468.80394908039307     
   522.45899846286909     
   576.60549475413950     
   631.12960874629175     
   685.79738640895903     
   740.24885259948326     
   794.43509619237102     
   848.41738670849952     
   902.18653779966826     
   955.79560040349236     
   1009.2520878877157     
   1062.6679404078259     
