   52.105299786409674     
   103.79790054226262     
   155.53413288086310     
   207.35959963870246     
   259.29344987582385     
   311.25778044370691     
   363.31870286682641     
   415.86602486997026     
   468.97439628848133     
   522.64407743862125     
   576.80377941912968     
   631.33977817416860     
   686.01857571304618     
   740.48038698493747     
   794.67584822434162     
   848.66604383882361     
   902.44208365764007     
   956.05728797406039     
   1009.5185794110508     
   1062.9383047081594     
