   52.104903819335739     
   103.79712810321988     
   155.53296682554455     
   207.35801976016657     
   259.29141201122559     
   311.25516747871046     
   363.31528665080401     
   415.86181736901648     
   468.96945964691588     
   522.63847977313333     
   576.79759306379219     
   631.33307195720715     
   686.01140279986316     
   740.47279029885215     
   794.66787256405485     
   848.65774768022675     
   902.43350345252691     
   956.04845568836379     
   1009.5095404603004     
   1062.9291066884280     
