   52.097871875111551     
   103.78292815553563     
   155.51163146305731     
   207.32950088909948     
   259.25567788259968     
   311.21222672175708     
   363.26570802410453     
   415.80622593272875     
   468.90855551957725     
   522.57269946020574     
   576.72738766017790     
   631.25885351099339     
   685.93341739989114     
   740.39121860220905     
   794.58308117173533     
   848.57016694871220     
   902.34347847282481     
   955.95623225325244     
   1009.4155816164755     
   1062.8337100214949     
