   52.097502960265452     
   103.78220346173723     
   155.51053219567561     
   207.32800732039667     
   259.25374946044229     
   311.20975671118612     
   363.26246784497107     
   415.80220267192664     
   468.90379978460601     
   522.56727948225068     
   576.72138616527991     
   631.25235664963805     
   685.92650301728179     
   740.38395715795627     
   794.57554172166761     
   848.56242981743276     
   902.33560057545105     
   955.94826504548905     
   1009.4075873930626     
   1062.8257531534196     
