   52.445433353033067     
   104.48349419509789     
   156.51978400851939     
   208.59913310288576     
   260.74463569849286     
   312.96543304578569     
   365.25054632097260     
   417.36115840517033     
   469.70925009920683     
   522.45611265126479     
   575.63501092882348     
   629.24640653557822     
   683.25229967155099     
   737.58324209840123     
   792.11555302088914     
   846.66320436191734     
   901.02393642801439     
   955.07723203143610     
   1008.8112660232214     
   1062.0504725945289     
