   52.081854779289941     
   103.75070919574833     
   155.46318699784939     
   207.26463179208395     
   259.17410226231061     
   311.11339078323613     
   363.14959547024273     
   415.67412394544169     
   468.76218670817326     
   522.41327283426540     
   576.55620511272093     
   631.07712945972764     
   685.74198171812327     
   740.19073685107492     
   794.37457533132954     
   848.35481579271277     
   902.12218114767779     
   955.72965190997081     
   1009.1848777207748     
   1062.5997154234853     
