   52.093022925309441     
   103.77322203864583     
   155.49702534356996     
   207.30990375349108     
   259.23092906288679     
   311.18194200340457     
   363.22938810714237     
   415.76419660656450     
   468.86137064678701     
   522.52080648397100     
   576.67127408363160     
   631.19898326364830     
   685.87012924750491     
   740.32478915745617     
   794.51387484319241     
   848.49861491605645     
   902.26989512358398     
   955.88086567047810     
   1009.3388334971679     
   1062.7559045359521     
