   52.092612345417272     
   103.77242007173759     
   155.49581234611861     
   207.30825695847474     
   259.22880058758943     
   311.17920732323864     
   363.22580573910523     
   415.75977773158792     
   468.85618283929477     
   522.51492431171334     
   576.66478017995860     
   631.19195841345731     
   685.86263985833352     
   740.31689254848698     
   794.50562683812086     
   848.49008189515905     
   902.26111777391895     
   955.87188110344846     
   1009.3296920956194     
   1062.7466593194251     
