   52.078382168211135     
   103.74369421626059     
   155.45263877835544     
   207.25051639717628     
   259.15639295432851     
   311.09209010235384     
   363.12499673971030     
   415.64654989827557     
   468.73200299542901     
   522.38070796908164     
   576.52150431340772     
   631.04052129325032     
   685.70362112447776     
   740.15075003419133     
   794.33317233300954     
   848.31222774553191     
   902.07859777148587     
   955.68521163589378     
   1009.1398190454069     
   1062.5541927807017     
