   52.100809541089291     
   103.78889599279125     
   155.52058541244062     
   207.34143417575183     
   259.27054173552381     
   311.22984576221069     
   363.28545267432344     
   415.82778460459986     
   468.93166377499000     
   522.59724239510172     
   576.75325610122616     
   631.28595749317560     
   685.96173156727593     
   740.42073619788357     
   794.61370372998726     
   848.60178346396117     
   902.37598541285763     
   955.98956960646183     
   1009.4495991949184     
   1062.8683437263817     
