   52.202879539750782     
   103.94073010593404     
   155.71996366055819     
   207.57868359072449     
   259.52861021890635     
   311.58777857894967     
   363.53126786558664     
   415.84157452630592     
   468.73314671392063     
   522.22501442058069     
   576.29504595464346     
   630.86906690324179     
   685.84312533311981     
   740.99066820125176     
   795.98077236804045     
   850.77226232885664     
   905.23986227129865     
   959.44430543571616     
   1013.3155312284753     
   1066.8711124641006     
