   52.155769417690792     
   103.89787086845573     
   155.68377726653532     
   207.55858504171849     
   259.54255659424928     
   311.56063978757646     
   363.67743716103877     
   416.28337069279172     
   469.45384148991945     
   523.18693009991125     
   577.41138096135967     
   632.01214083928301     
   686.75367488256825     
   741.27306530985516     
   795.52074944360936     
   849.56321354302793     
   903.39183807191114     
   957.05910872427660     
   1010.5789240792487     
   1064.0565178033230     
