   52.077757746392649     
   103.74247265811097     
   155.45080108669890     
   207.24804173904377     
   259.15322851601690     
   311.08806817741203     
   363.11976337837461     
   415.64010860854836     
   468.72444046929633     
   522.37211578422364     
   576.51198260232991     
   631.03016878609128     
   685.69251304140994     
   740.13894801380798     
   794.32074217883644     
   848.29925176876566     
   902.06512949581202     
   955.67129290133869     
   1009.1255168887599     
   1062.5395738722891     
