   52.101209418176445     
   103.78967486116221     
   155.52175971847120     
   207.34302382927126     
   259.27259082580338     
   311.23247306726046     
   363.28888446761925     
   415.83200283946405     
   468.93660336619917     
   522.60283633252072     
   576.75943456848495     
   631.29265622068078     
   685.96890208007653     
   740.42834152912314     
   794.62170542697572     
   848.61012914088872     
   902.38464392372009     
   955.99851378598362     
   1009.4587876293717     
   1062.8777328999709     
