   52.105299786409674     
   103.79789981421717     
   155.53413074682499     
   207.35959559377483     
   259.29344344970411     
   311.25777133726405     
   363.31868863152590     
   415.86600275447250     
   468.97436567129154     
   522.64403941065473     
   576.80373631725422     
   631.33973320499001     
   686.01853265808222     
   740.48034997420416     
   794.67582108250906     
   848.66603028411635     
   902.44208689316770     
   956.05731122719260     
   1009.5186255637808     
   1062.9383768313587     
