   52.100809541089291     
   103.78889507922601     
   155.52058272334025     
   207.34142905473959     
   259.27053357242033     
   311.22983417104888     
   363.28543495095789     
   415.82775774417433     
   468.93162707794545     
   522.59719696875004     
   576.75320439232576     
   631.28590287808527     
   685.96167819496407     
   740.42068847830001     
   794.61366571409201     
   848.60175915608932     
   902.37597816917958     
   955.98958269465402     
   1009.4496355744432     
   1062.8684064904280     
