   52.185080097202189     
   103.92905828957737     
   155.69585991819093     
   207.53093873600568     
   259.48167398640885     
   311.49903628948078     
   363.48086991631260     
   415.64218083062241     
   468.26345449691041     
   521.40968396110634     
   575.08066680716661     
   629.23671261974971     
   683.78655208055977     
   738.59276004550873     
   793.38972185053524     
   847.87947168196024     
   902.13570646241396     
   955.83986066687817     
   1008.6329098145677     
   1058.0110425926916     
