   3.2731196651101828E-031
   6.5171078454817057E-031
   9.7736934562976172E-031
   1.3028684562460390E-030
   1.6343740449768126E-030
   1.9740792932147805E-030
   2.3213464855073187E-030
   2.6746813105610255E-030
   3.0312553509618899E-030
   3.3891038902561635E-030
   3.7491632482559076E-030
   4.1107624324583414E-030
   6.0615335613671433E-020
   6.5273999611956022     
   14.546138812477041     
   24.826174339967771     
   36.969686810086110     
   51.345755186485817     
   66.409236615333555     
   82.752658352408801     
