   2.3303043999497263E-031
   4.6395150912358751E-031
   6.9530061944144497E-031
   9.2721160337891533E-031
   1.1596438561499236E-030
   1.3926822819585577E-030
   1.6289234938980986E-030
   1.8686904685980732E-030
   2.1118689165619048E-030
   2.3578644529214953E-030
   2.6056331912243488E-030
   2.8533663679639083E-030
   3.1000127724302345E-030
   3.3461971933088970E-030
   3.5912447955136551E-030
   3.8348243940137679E-030
   1.8532318154639398     
   9.9904168557798165     
   20.975973833524190     
   34.082990671419026     
