   2.1231163084561105E-031
   4.2270688990556160E-031
   6.3340988753647142E-031
   8.4457872283762068E-031
   1.0562775931977900E-030
   1.2677764290526821E-030
   1.4814716897338776E-030
   1.6981069644346730E-030
   1.9177518875057597E-030
   2.1401560798138987E-030
   2.3649044314131638E-030
   2.5911943525555232E-030
   2.8177731545595442E-030
   3.0436971147000225E-030
   3.2693766124592285E-030
   3.4941574168131330E-030
   3.7173377002024290E-030
   2.8957437192358955E-021
   1.9273851157294857     
   9.3194760768799405     
