   1.3534639710865061E-031
   2.6956692932936391E-031
   4.0389615028674488E-031
   5.3842548226044562E-031
   6.7318420812167660E-031
   8.0814788183512597E-031
   9.4302834272095486E-031
   1.0790970465650434E-030
   1.2166313963944350E-030
   1.3556376071641785E-030
   1.4959832830786668E-030
   1.6373787757045585E-030
   1.7792801612839964E-030
   1.9207698360374010E-030
   2.0614861935208619E-030
   2.2012324824769495E-030
   2.3402207519603875E-030
   2.4782711368090396E-030
   1.5620994790856369E-017
   1.4419118128446182     
