   8.6000017647142244E-031
   1.7118378089426472E-030
   2.5650325855574671E-030
   3.4202180420573735E-030
   4.2779607185299266E-030
   5.1348419726693099E-030
   6.0015452935760269E-030
   6.8813291547881401E-030
   7.7740118464193723E-030
   8.6785597397556758E-030
   9.5932425698158071E-030
   1.0514124725133843E-029
   1.1435609375266329E-029
   1.2354958761562534E-029
   1.3273554111310697E-029
   1.4192509905458312E-029
   1.5113227496154981E-029
   1.6036561019732588E-029
   1.6962780952868664E-029
   1.7892402088644707E-029
