   2.1549657593632822E-031
   4.2914598127801415E-031
   6.4336598634553558E-031
   8.5813563947347018E-031
   1.0733187618072044E-030
   1.2923509854638809E-030
   1.5155061799972234E-030
   1.7424460568015212E-030
   1.9724596175087167E-030
   2.2039939939742517E-030
   2.4355298100491188E-030
   2.6676897976410422E-030
   2.9004859623016295E-030
   3.1342457067945581E-030
   3.3689785111220606E-030
   3.6046177121835013E-030
   7.9546602029838741E-017
   2.0682483234609581     
   9.9449370180614132     
   20.264720990160825     
