   6.9252860974535243E-031
   1.3790170903832919E-030
   2.0678052352396048E-030
   2.7581344330482450E-030
   3.4542309157502036E-030
   4.1650142639871503E-030
   4.8902449847787823E-030
   5.6280895437968812E-030
   6.3743360372095935E-030
   7.1219396747519773E-030
   7.8724918226282328E-030
   8.6257839116333863E-030
   9.3823615889825696E-030
   1.0140420511896469E-029
   2.8877184414680854E-028
   3.3497531525872377     
   11.226913330087772     
   21.212612671982900     
   33.634642947049343     
   48.410062069308495     
