   3.3838652573543543E-031
   6.7362278599480612E-031
   1.0089065105169002E-030
   1.3444750512538475E-030
   1.6803746059177431E-030
   2.0168781769362545E-030
   2.3536831488494361E-030
   2.6911090845203318E-030
   3.0282364552141003E-030
   3.3654789075444376E-030
   3.7049015131837398E-030
   4.0469663208520215E-030
   4.3919809631958723E-030
   4.7397297177492139E-030
   5.0900943776204646E-030
   5.4427181668350032E-030
   5.7970786782646491E-030
   6.1521790588869976E-030
   6.5070718548350529E-030
   6.8611585287869426E-030
