   1.3080692268241151E-031
   2.6047645297909795E-031
   3.9014701862018779E-031
   5.1995805048824637E-031
   6.4998901431100043E-031
   7.8026273322134723E-031
   9.1075178973205901E-031
   1.0409768093471509E-030
   1.1719474898066816E-030
   1.3040844014092785E-030
   1.4375173668953820E-030
   1.5722370832848656E-030
   1.7080938326758817E-030
   1.8449104054161874E-030
   1.9823158786291164E-030
   2.1197428131037402E-030
   2.2564722997580994E-030
   2.3925364501766483E-030
   2.5269570801961463E-030
  0.30950455564206386     
