   7.3220622133265055E-031
   1.4577877626658650E-030
   2.1840365513203824E-030
   2.9117479662018289E-030
   3.6412960855913698E-030
   4.3715860737861797E-030
   5.1029929578700511E-030
   5.8426702215178683E-030
   6.5916919106980458E-030
   7.3501116162801489E-030
   8.1171110362804645E-030
   8.8909929975220655E-030
   9.6686727167063564E-030
   1.0445179646746171E-029
   1.1219155877415292E-029
   1.1990293373547337E-029
   1.2758002172289446E-029
   1.3521585816276256E-029
   1.1110387352991755E-012
   2.4481886710896039     
