   1.3278240565306595E-031
   2.6454059640184070E-031
   3.9654417192416852E-031
   5.2893270438776937E-031
   6.6122906851187769E-031
   7.9521675640990938E-031
   9.3119572795957807E-031
   1.0690479853468406E-030
   1.2083776796523631E-030
   1.3482879184739229E-030
   1.4874525878638914E-030
   1.6264328058501878E-030
   1.7649150937678547E-030
   2.9589417826847455E-014
   6.2030285351946830     
   14.819043359139130     
   26.138847485504098     
   39.228190298122854     
   54.113884999603123     
   70.326059944624021     
