   9.1747503066146169E-031
   1.8275882894632402E-030
   2.7380727697563465E-030
   3.6496752918911055E-030
   4.5632284269031628E-030
   5.4778989947929088E-030
   6.3918751076718060E-030
   7.3087196963634516E-030
   8.2330122616077796E-030
   9.1658700124253019E-030
   1.0107318617480539E-029
   1.1056691759857794E-029
   1.2012434955940408E-029
   1.2972212181923009E-029
   1.3931423167397992E-029
   1.4884801081270109E-029
   1.5833873693161187E-029
   1.6772805447725597E-029
   2.8579276368915911E-023
   1.9529646374415444     
