   2.2700090137405664E-031
   4.5202896319015930E-031
   6.7703783852805642E-031
   9.0229397553753455E-031
   1.1278155546205985E-030
   1.3537578666731731E-030
   1.5800131607776817E-030
   1.8063845545157049E-030
   2.0323087260911038E-030
   2.2594539680719485E-030
   2.4884108468371377E-030
   2.7193069493804894E-030
   2.9520924242128543E-030
   3.1866677031374554E-030
   3.4227226134909239E-030
   3.6598636971041576E-030
   3.8973762438968910E-030
   4.1344233101480538E-030
   4.3702886076253109E-030
   4.6048873554826321E-030
