   9.5372227531466387E-031
   1.9002731349424725E-030
   2.8492708971101850E-030
   3.7990741911719504E-030
   4.7564770487106425E-030
   5.7303745876933732E-030
   6.7200124996675579E-030
   7.7223992741758828E-030
   8.7301885234843898E-030
   9.7343025238719790E-030
   1.0739462194774791E-029
   1.1746574471205208E-029
   1.2758437377328371E-029
   1.3774886187563889E-029
   1.4795977460274861E-029
   2.8768152228706527E-018
   1.6942234822928648     
   10.233776187341533     
   21.526159601073289     
   35.267508235762975     
