   7.5110223877320217E-031
   1.4955815911071483E-030
   2.2401881252159314E-030
   2.9854258516909020E-030
   3.7314908887803976E-030
   4.4784932708383076E-030
   5.2269303480406342E-030
   5.9760034088240868E-030
   6.7237619900063035E-030
   7.4736901551961470E-030
   8.2283347113502649E-030
   8.9888812823075411E-030
   9.7553910091645307E-030
   1.0527615721912972E-029
   1.1304958665830936E-029
   1.2086157881778031E-029
   1.2869123191042584E-029
   1.3651563826791088E-029
   1.4431193195135004E-029
   1.5205411030564157E-029
