   9.5213033092888244E-031
   1.8965368020485278E-030
   2.8417980959170719E-030
   3.7885724723164981E-030
   4.7372083565269601E-030
   5.6829951547580505E-030
   6.6344436346757385E-030
   7.5959133958116934E-030
   8.5682872722076169E-030
   9.5509101259770449E-030
   1.0542032826057288E-029
   1.1538872964686033E-029
   1.2535279298193621E-029
   1.3526353799493637E-029
   1.4512959240403996E-029
   1.5496600071579047E-029
   1.6478347367746736E-029
   1.7459768455131865E-029
   1.8441394721069682E-029
   6.9737999402559352E-013
