   2.3360224557820484E-031
   4.6528010159979745E-031
   6.9699332559660722E-031
   9.2889351382351137E-031
   1.1610369330161085E-030
   1.3934482241448406E-030
   1.6262658533637899E-030
   1.8592848496881752E-030
   2.0919157073788107E-030
   2.3251809691845689E-030
   2.5597821722950805E-030
   2.7960552721116975E-030
   3.0340407438864735E-030
   3.2736348824048798E-030
   3.5146810360376244E-030
   3.7567869483058615E-030
   3.9993178541788429E-030
   4.2415154998102209E-030
   4.4826868915503861E-030
   4.7220776495375321E-030
