   3.7104953788425195E-031
   7.3913174217310979E-031
   1.1082557233666847E-030
   1.4781482399914204E-030
   1.8512057572154088E-030
   2.2312466068087178E-030
   2.6180230115617344E-030
   3.0102956586358036E-030
   3.4049422466097443E-030
   3.7983300535593666E-030
   4.1923022354740734E-030
   4.5873327996852056E-030
   4.9838875355856209E-030
   5.3817953569402678E-030
   5.1479401399720257E-019
   3.7850709575283519     
   12.703285856814809     
   24.332970731815053     
   38.189301358171200     
   55.107523669755196     
