   2.2281938841028199E-031
   4.4384317091589560E-031
   6.6487470643753772E-031
   8.8617455783247980E-031
   1.1078759430484457E-030
   1.3299324497362752E-030
   1.5522201814973911E-030
   1.7742078998993735E-030
   1.9976078926866350E-030
   2.2229986255479803E-030
   2.4504618017181402E-030
   2.6799175201705124E-030
   2.9111981968423028E-030
   3.1439150322021184E-030
   3.3775311197500542E-030
   3.6109549201631868E-030
   3.8431396820875648E-030
   4.0744641918015494E-030
   4.3033658129997371E-030
   4.5287075505918248E-030
