   2.3086994070949005E-031
   4.5987545202060686E-031
   6.8908303147074122E-031
   9.1867430577014312E-031
   1.1486974570101189E-030
   1.3785527101273204E-030
   1.6090544497441055E-030
   1.8418176889496197E-030
   2.0771747861744428E-030
   2.3150215505336734E-030
   2.5550594002340976E-030
   2.7967810967319983E-030
   3.0390383841942309E-030
   3.2802593426434320E-030
   3.5206416124789636E-030
   3.7599812853823449E-030
   3.9987382297225226E-030
   4.2370887389303246E-030
   4.4751754116237637E-030
   4.7133980563992042E-030
