   1.3263579155071832E-031
   2.6427036562558751E-031
   3.9591537295663569E-031
   5.2774776375156384E-031
   6.5972309802847142E-031
   7.9187870932759364E-031
   9.2395259812407725E-031
   1.0559787648294287E-030
   1.1888666829292757E-030
   1.3228108020566388E-030
   1.4578552015162398E-030
   1.5939073657531245E-030
   1.7307969418317212E-030
   1.8682012203030453E-030
   2.0055402657556678E-030
   2.1422179388228043E-030
   2.2781102115620584E-030
   2.4125856194831390E-030
   3.2083763416492599E-003
   3.9688638911712557     
