   1.3563429388815829E-031
   2.7026421080924986E-031
   4.0539063727849724E-031
   5.4103539039007190E-031
   6.7975675727549679E-031
   8.2150508034530885E-031
   9.6557238022893901E-031
   1.1101629148244612E-030
   1.2550196412525698E-030
   1.4005369827005906E-030
   1.5300148930687883E-030
   7.0113360911129545     
   15.851168819158129     
   27.044424331319622     
   40.826135854196984     
   57.261053785824203     
   74.459000205135098     
   93.376891806424211     
   113.18313436352327     
   133.79144471203466     
