   5.2295373298919619E-031
   1.0416371737552463E-030
   1.5602206239596269E-030
   2.0793545775330209E-030
   2.5991120966274886E-030
   3.1195345619047249E-030
   3.6407129354916363E-030
   4.1615736549062158E-030
   4.6824001649185125E-030
   5.2064460823013690E-030
   5.7346288735183095E-030
   6.2671492285338935E-030
   6.8037977459226228E-030
   7.3440832414060109E-030
   7.8871452001954458E-030
   8.4314545729189838E-030
   8.9749096920674255E-030
   9.5158633237651102E-030
   1.0053440792769922E-029
   1.0586948612682324E-029
