   3.5659601198123313E-031
   7.1047140394041162E-031
   1.0643285023331222E-030
   1.4184912386979271E-030
   1.7731355969509999E-030
   2.1282943021768639E-030
   2.4839714456333858E-030
   2.8389941175561999E-030
   3.1952890823750963E-030
   3.5540639553131149E-030
   3.9157074081479745E-030
   4.2801939817965155E-030
   4.6473842427437453E-030
   5.0168022197636287E-030
   5.3877414809314981E-030
   5.7589808094890180E-030
   6.1290943470290196E-030
   6.4968237057309749E-030
   6.8623747358600155E-030
   7.2241478510005686E-030
