   9.2315890313207587E-031
   1.8380769525822992E-030
   2.7545912408767259E-030
   3.6734881459784198E-030
   4.5930459861273384E-030
   5.5193591297368543E-030
   6.4600871432829752E-030
   7.4159353546783925E-030
   8.3855618107710023E-030
   9.3661419613091625E-030
   1.0351736182412727E-029
   1.1334204599534075E-029
   1.2315890015351568E-029
   1.3297710137714477E-029
   1.4281500412400965E-029
   1.5268231576896541E-029
   1.6258766838988552E-029
   6.2285717983003630E-012
   2.9412044828933954     
   11.959167130164424     
