   3.4632266329545225E-031
   6.8974928274440533E-031
   1.0337874239047570E-030
   1.3788774749449455E-030
   1.7233250251862009E-030
   2.0714980695976557E-030
   2.4250635657778492E-030
   2.7840898531260797E-030
   3.1479055231544764E-030
   3.5153231459766592E-030
   3.8839108094701447E-030
   4.2515246893092353E-030
   4.6191268799198477E-030
   4.9854871556944231E-030
   1.0137243621959934E-013
   4.9667146139132390     
   13.091496451509069     
   23.703432767150971     
   35.704099442092932     
   49.700497399828954     
