   1.3524808662613104E-031
   2.6940511065967123E-031
   4.0365379439403377E-031
   5.3809921721459222E-031
   6.7279450915171427E-031
   8.0764970856704210E-031
   9.4218483121427255E-031
   1.0776172468733927E-030
   1.2143407518619735E-030
   1.3524104580605726E-030
   1.4917435985890845E-030
   1.6321441939567941E-030
   1.7732195157639212E-030
   1.9142922114144487E-030
   2.0544128986328243E-030
   2.1938784534539894E-030
   2.3323861531308593E-030
   2.4700994635586171E-030
   2.6070262374585333E-030
   1.8207882137627949E-023
