   1.2317234949975705E-031
   2.4541524712123387E-031
   3.6764048924276173E-031
   4.8998365802041349E-031
   6.1245265339829789E-031
   7.3509467606446909E-031
   8.5792967910758833E-031
   9.8080036086317388E-031
   1.1035077752471493E-030
   1.2268305313550214E-030
   1.3509943498477654E-030
   1.4760742030869303E-030
   1.6020433990359854E-030
   1.7288046927507880E-030
   1.8562260253238510E-030
   1.9840798175851899E-030
   2.1120025144521407E-030
   2.2395651255289123E-030
   2.3663194334945941E-030
   2.4924317100817222E-030
