   1.1634612145712196E-031
   2.3162395219195332E-031
   3.4709723466620009E-031
   4.6289758220473190E-031
   5.7893500881120079E-031
   6.9504145122907343E-031
   8.1267541285713129E-031
   9.3206209189276976E-031
   1.0531806320725136E-030
   1.1758320790776908E-030
   1.2997436533676063E-030
   1.4243052355420217E-030
   1.5486779405002573E-030
   1.6730336947263316E-030
   1.7973396096354159E-030
   1.9215144883327468E-030
   2.0456018924341008E-030
   2.1695897021236243E-030
   1.1359032203983703E-029
   8.3696349401240572E-002
