   1.2019070233328870E-031
   2.3924799376352540E-031
   3.5852619503954627E-031
   4.7808757366190576E-031
   5.9793964495213813E-031
   7.1804889817009556E-031
   8.3989919573868497E-031
   9.6370162580302324E-031
   1.0893691031546435E-030
   1.2166836992915749E-030
   1.3451950209736144E-030
   1.4741404620457140E-030
   1.6028669229125289E-030
   1.7315842383463122E-030
   1.8602647609142010E-030
   1.9887722788078098E-030
   2.1171356754531828E-030
   3.2264053819724065E-007
   4.0634049981885996     
   12.798093745512940     
