   5.0697899470126988E-031
   1.0095138659924354E-030
   1.5124056687004240E-030
   2.0161005592145164E-030
   2.5204990575925368E-030
   3.0258896067127035E-030
   3.5297153537614868E-030
   4.0370505326943330E-030
   4.5498269578720704E-030
   5.0682765549606544E-030
   5.5921794552662809E-030
   6.1208802869992990E-030
   6.6533553614104692E-030
   7.1875636784338695E-030
   7.7206954113281739E-030
   8.2520033895598345E-030
   8.7802535872256833E-030
   9.3041656817583001E-030
   3.7677029313118049E-014
   2.2333272674562497     
