   1.3226401478816521E-030
   2.6330157055059820E-030
   3.9431833459193051E-030
   5.2548959942281688E-030
   6.5682482026911025E-030
   7.8840610656884294E-030
   9.2022084963575516E-030
   1.0520609649795316E-029
   1.1836690452752547E-029
   1.3161749213273650E-029
   1.4498940350566611E-029
   1.5849133322149672E-029
   1.7211785426472379E-029
   1.8586401951265669E-029
   1.9971081437648981E-029
   2.1363778715471319E-029
   2.2760749841370343E-029
   2.4157545928855235E-029
   2.5550788357099738E-029
   2.6939576243669035E-029
