   3.7255295319240092E-031
   7.4216232190336443E-031
   1.1117560778871458E-030
   1.4816716216127903E-030
   1.8520845481914520E-030
   2.2230327838465568E-030
   2.5945169098251719E-030
   2.9649862571489684E-030
   3.3369749763639972E-030
   3.7117451461056185E-030
   4.0896214545651186E-030
   4.4705734728129247E-030
   4.8543547060415504E-030
   5.2404071074019196E-030
   5.6277962830586722E-030
   6.0150388063259365E-030
   6.4005900816606892E-030
   6.7836387605255691E-030
   7.1628493271246458E-030
   5.2248544941555475E-009
