   9.8859443986356678E-031
   1.9681871118286260E-030
   2.9504826691600014E-030
   3.9360302898311729E-030
   4.9243752362431367E-030
   5.9320131859842284E-030
   6.9604006507007435E-030
   8.0076992615046804E-030
   9.0702646521978394E-030
   1.0140475443674509E-029
   1.1211140274146815E-029
   1.2285219277646868E-029
   1.3363259106818109E-029
   1.4447575966707253E-029
   1.5537571505039341E-029
   1.6633220666068326E-029
   7.0187219632730999E-005
   6.4125014992085259     
   15.533229237583312     
   27.590384279250667     
