   1.0251020596434882E-030
   2.0421545305790719E-030
   3.0630695764350462E-030
   4.0839004679926798E-030
   5.1258394312066850E-030
   6.1913952959533960E-030
   7.2777768428996230E-030
   8.3778920578046017E-030
   9.4799535109559211E-030
   1.0586959982368365E-029
   1.1699978157374452E-029
   1.2821750083357413E-029
   1.3949775681787319E-029
   1.5084110507970634E-029
   1.3616450551275527E-011
   6.4501710169143447     
   15.373477864359018     
   26.718818894842606     
   40.444003862244969     
   56.714611767887227     
