   0.0000000000000000     
   0.0000000000000000     
   0.0000000000000000     
   0.0000000000000000     
   0.0000000000000000     
   0.0000000000000000     
   0.0000000000000000     
   0.0000000000000000     
   0.0000000000000000     
   0.0000000000000000     
   0.0000000000000000     
   1.8718538277463899     
   14.776385185238352     
   32.568931890673468     
   53.931932696016098     
   79.997475249393872     
   107.22494767300840     
   135.74862341146135     
   165.54571706007059     
   196.56003884166384     
