   5.3124811878348926E-031
   1.0580472033945623E-030
   1.5855931160273415E-030
   2.1141277616260627E-030
   2.6438033025037002E-030
   3.1726868205791860E-030
   3.7062209289932071E-030
   4.2462278585143829E-030
   4.7926600677458011E-030
   5.3449723025303179E-030
   5.9018690923614555E-030
   6.4605904062275621E-030
   7.0167027702447596E-030
   7.5700648382653947E-030
   8.1205966521193846E-030
   8.6655068775163042E-030
   2.3586499325694600E-004
   4.8200379051333124     
   14.536552389885433     
   25.778311732011112     
