   5.1279558914279261E-031
   1.0218742794082588E-030
   1.5323280838926645E-030
   2.0433628365025931E-030
   2.5570363535223040E-030
   3.0788341974607667E-030
   3.6086342828386861E-030
   4.1452743113937848E-030
   4.6857831840889038E-030
   5.2246667124597970E-030
   5.7637680966622379E-030
   6.3033125041255945E-030
   6.8445226501117590E-030
   7.3874555772082991E-030
   7.9324626560497921E-030
   8.4788936741017783E-030
   9.2026508754026069E-011
   3.3595183128434245     
   11.815521758897626     
   22.946457593756055     
