   1.2347245172600211E-031
   2.4598752837401154E-031
   3.6861133508130854E-031
   4.9141407656627813E-031
   6.1445496431111032E-031
   7.3739597945375511E-031
   8.6083158628549647E-031
   9.8548975733200924E-031
   1.1114963620408068E-030
   1.2387890437010976E-030
   1.3672084339080127E-030
   1.4964937928498559E-030
   1.6260239219251187E-030
   1.7549853537363631E-030
   1.8834708262442446E-030
   2.0112751285048594E-030
   2.1369440082662181E-030
   1.4943225455552496     
   8.4356185337731358     
   17.666932724954982     
