   2.1661068120633563E-031
   4.3132951013294749E-031
   6.4608693393322084E-031
   8.6101899582323874E-031
   1.0761899758791880E-030
   1.2916441624968979E-030
   1.5075173037845799E-030
   1.7235841248434257E-030
   1.9393792308373378E-030
   2.1557430263723088E-030
   2.3735091217187789E-030
   2.5930011395488056E-030
   2.8142411020177258E-030
   3.0371993041784247E-030
   3.2616707855128809E-030
   3.4873994665761547E-030
   3.7139630948185874E-030
   3.9407831346679482E-030
   4.1671630724171933E-030
   4.3924855973727463E-030
