   1.1090365740743669E-030
   2.2091743042285726E-030
   3.3119032415861018E-030
   4.4178005030393765E-030
   5.5284821580728262E-030
   6.6581165801452078E-030
   7.8074775349782272E-030
   8.9740758259665937E-030
   1.0151061048773012E-029
   1.1325070684470855E-029
   1.2498053725798780E-029
   1.3670976220550875E-029
   1.4845338436409429E-029
   1.6021212864910037E-029
   7.6761276053652220E-005
   7.1598376639511745     
   16.932732570399832     
   29.887440875529794     
   45.183177834376465     
   62.479239530044964     
